8.612962371106953 1.2248920943972652
8.480880825343121 1.3183272378446544
8.36713575647384 1.4184597679951694
8.564827156078833 1.2443697350137195
8.715834193928348 1.1103494922046138
9.031217508956566 1.0833058830068223
8.431062159545112 1.3884179015838172
9.030930098223456 1.015287700808305
6.193814945318689 1.6721579626130556
8.402708364789827 1.3971541894507424
9.114876844457951 1.0646843641990824
8.6663060188051 1.2463064392737084
8.54712841149262 1.1919734383383873
6.002225480199079 1.7119631917247113
9.067290725202287 1.2051861138235753
7.59205604553824 1.4452576925714573
8.369384286813233 1.4698289102583695
6.695072034479101 1.5711508978859983
8.56765777851159 1.3230282851693116
9.079132803428061 1.1120309620752145
6.453158685411139 1.6185082768265981
8.463100827900355 1.3746573974364487
8.443413758455034 1.2098309243664473
8.547866915545658 1.1859448934809884
8.527889781778232 1.3075293092143705
9.115759504207356 1.10418338302772
8.500117925182389 1.3022540258681723
9.010898923795308 1.072422736931886
8.660913287215815 1.0931526815316466
8.341690696961308 1.4520029071874017
9.102204259910057 1.2135311581657588
9.02642579048788 1.0435582383949678
9.059732883565244 1.319149661564116
9.076982242863693 1.2753835474016832
9.06595879016388 1.0748321674444201
9.07249082238319 1.1216794983356297
8.55328495104687 1.2280772394269226
8.587574692567944 1.1427289334959632
8.611444226582567 1.149373036236578
8.609890137046389 1.2985951786041894
9.026883602016797 1.0748553192832495
8.503214451112594 1.3007143506818981
8.531718105901557 1.2277376359356504
9.025788275474472 1.1129413854955839
9.071684302494551 1.2943884978106874
8.992944068650429 1.0718615498147965
6.000556095335508 1.7126439152802881
7.462015556685735 1.4916245256830267
8.543283421353332 1.2682208570919091
8.490446532211582 1.319064571622527
9.06683310579012 1.301143752313925
8.437054539692086 1.385836043812144
9.020385246163581 1.0293279356171339
7.8856458304998975 1.5192504325858849
8.515517910281105 1.3065889407645368
8.511903811234594 1.3066124517664999
8.330107624896257 1.4463653459223682
8.468604697955222 1.3564251824859184
8.53367225400803 1.1843258045801959
8.516476082819457 1.1846245708011665
8.490868804118454 1.2365853338703816
9.089525206396322 1.0787055402865569
9.069824508248114 1.0425061281462844
9.112091782993593 1.1169893013884886
7.170232121528902 1.5359723728016967
6.220385083574074 1.66777264478386
8.43582039204994 1.406397847395906
6.44999104548988 1.6239431501890849
8.541566675534826 1.2567866044835714
8.500819917065497 1.3043865321590509
8.481502003929954 1.2168556133573545
6.452218763301386 1.6241673166490578
8.48615496138302 1.2987236178215698
8.48718386111757 1.3291229060869212
9.059013746559932 1.1307004943030172
8.48523004409612 1.3262719407322094
8.395600109439398 1.415027355898188
9.103581523350622 0.9708523407691515
9.092297915157655 0.9920910178547127
9.039368781550248 1.0899499341906458
8.70172180816121 1.2298288361435554
8.642423214138889 1.2079655124360542
9.10468510330251 1.1132703672900293
9.109700403000957 0.9968230321946278
8.482223972392786 1.2975263603833096
9.110757756745445 1.0844263960334704
8.526721182643563 1.312118603884087
9.119426460016362 1.1009084907306306
7.639185615053553 1.4136111581118278
8.401624282266827 1.397159975162303
8.747051108024378 1.0889337767581555
7.035289351649303 1.5565381531836038
9.108552649339103 1.1840247308986682
8.47262888474844 1.2801167752628433
9.078563382750733 0.902765285874769
8.520308693859858 1.3207048576006057
6.832025600779623 1.5502709158017336
8.793787683910717 1.3254048588467513
8.546001101554957 1.2030594954934568
7.450730474199625 1.4343960158125375
9.110669749719788 1.1676531917715847
8.613895137667006 1.235197767871273
7.144650386138655 1.5228995701677035
8.35342980840167 1.4372298353044577
6.701035645958559 1.5677638910063982
9.098156090525274 1.0424685687862227
8.423138903397309 1.3839540185049535
9.02682853494947 1.0767990817877466
8.5685198761978 1.283435370885111
9.063455964218113 1.0543208808200446
6.038707343986413 1.704014555447252
9.0656488886858 1.1894109420624526
9.091582753863214 1.0585184197161046
8.462083737427609 1.220681126984372
9.067396980365556 1.0523519185648542
9.119038054239404 1.1222775153137938
7.013660630152226 1.5511242193797397
9.094521001845475 0.992128963662276
9.070664299850632 1.1663588232509894
8.442761712063806 1.4084098591531635
8.443654808542187 1.2268517176466476
6.704495435725521 1.5707115363337383
8.459165612805753 1.3813932156274389
7.152652595351096 1.485365860945678
6.935810601086837 1.5548450189596341
9.085241221514677 1.0103311920821725
8.491806045026474 1.2642212571925777
8.526718293189473 1.184719076302214
9.065995683864688 1.1285470460330298
8.426372826133917 1.380751523037834
7.29203178736164 1.4746952536687077
8.538809825246553 1.2352098777372567
9.004416872386955 1.070899431239323
8.407172751473542 1.4187955214097665
8.377401602586794 1.4585271379429243
8.922918889651205 1.2356975967624426
9.090759922198446 1.1993038802762181
9.026645215196542 1.0927897857429585
8.99372103619328 1.067858077528912
9.120906278913052 1.0908274423121729
6.551547041922808 1.5927034946932215
9.072343504526948 1.086144646071117
6.743932799754897 1.553380516536255
8.490302665242005 1.2226540881399506
8.457063430294998 1.3819860424573087
6.885290682066867 1.5474836278298796
8.492922868417297 1.3043688691711708
8.41053161561611 1.3913202626317982
8.495572131249675 1.3603723249235362
6.4409802127035745 1.615912857197394
8.487572772506166 1.3130420593278074
8.494072922509499 1.2535165188293829
8.809867940668685 1.1633960242068548
9.08845608668033 0.9261076731221067
8.51751115993473 1.2576671934160322
9.10160625085306 1.165895038777711
9.080344600304441 0.9544540682719308
7.219618625585557 1.5034178861592433
8.50259619904308 1.2924775768937895
6.686781877698789 1.5812194922865386
8.570846652530676 1.1242360489409267
7.553597423004701 1.4441336559617581
8.712753557820111 1.3096794295726477
8.480967432036472 1.334772388389
8.50880304555605 1.307612552589058
8.547532831714005 1.3003451909080688
8.40943230956779 1.392543623839933
9.1007876626837 1.1821674853971689
9.115371139648188 1.0998330927936257
8.495528824554993 1.2382986763669577
8.486716654274693 1.330208246721049
8.533989861043315 1.2403521904593462
9.073941000559874 1.2015075386051743
6.4316280499240985 1.6381650507770957
8.313640039548782 1.4641553653260053
9.120791628133288 1.090981544309362
9.02817215108158 1.1417661521054203
5.92116860734332 1.728735779528437
8.482054110302746 1.1939469315185331
8.57239127819411 1.195993116583395
9.080122639071897 0.9182101292116491
8.619662799797913 1.2924695527469081
9.117935600089764 1.1249428196600302
8.461899554605283 1.353883784324938
8.570602979248475 1.272292618543795
8.370715455236411 1.464970703859017
9.09959478845993 1.1587732374042512
8.453319076067102 1.371196571497592
8.531270244245025 1.191812393540118
8.505621655798604 1.2549026646759482
8.461758436274728 1.369786234452085
7.720696219138459 1.4953733213844818
6.393586410639219 1.6260008903151124
9.07650311698308 1.2639085968346728
8.650422793486259 1.1206079133143698
8.448978904410609 1.2356005883954204
7.811832943845547 1.3906679753571023
9.085283918382311 1.2203052198423807
6.469205001567649 1.6187275674806934
8.462369590605128 1.3771130219086192
8.481461175049768 1.3069522792975856
6.651444796849189 1.6012357958722196
7.060369111371324 1.4952275646689808
6.1987209333750855 1.6731385362417779
8.493320305322069 1.2063901029658277
8.615857051194029 1.253355741205195
8.53224357929257 1.14836434828248
8.540190465363251 1.3281487229757962
9.112758046935586 1.1025956092506268
8.992553427994352 1.0738686402861402
8.39506590517358 1.4368008896324487
8.510325246605317 1.2856965693253057
9.090645115781996 1.0644842341485292
8.581018072908483 1.191906285180982
6.20740303928073 1.6678128267340704
7.64496409449956 1.4891473720190906
9.091723765774212 1.0135137868050648
8.701726307872045 1.1830391069992543
8.433203896132003 1.381362076995936
7.897891700495257 1.4977169554551921
6.244474943434869 1.6616613755421386
8.49843156675703 1.3059750326761521
8.503144504093573 1.2688591327494474
9.057893767392736 1.3235119572681253
9.103926998916867 1.206458016263284
8.495571490537102 1.2766547421371806
8.506727062086705 1.3147906329720855
8.573993505831144 1.2806207926369697
7.653953902727501 1.407859851414416
6.264690330568473 1.6609924747771
9.07618722186447 0.997038662807262
9.11075949435362 1.1507411581648332
8.52457234263093 1.3625563976725987
6.53032904582798 1.6084054155550698
8.431798478012064 1.3959659372147772
6.31603651677462 1.6428668274001972
8.53856588059971 1.2179918238487626
9.095805339717883 1.2341366673725835
8.709789105119917 1.1441211114968668
6.429024590739654 1.6337361475532608
8.468876298288917 1.3612776390697319
6.275916319876709 1.6521148788853488
9.11901728539625 1.1036202515465496
9.077817687206776 1.02295301179787
8.995024382235286 1.060737887052452
8.327896593220716 1.4507294369390606
7.2657312105881955 1.531274895405756
8.694034133633153 1.2984006371090588
7.4602210102132895 1.4328976854906195
8.469898417151942 1.2735767964452884
8.476073381377415 1.2727061350728914
7.204274877697953 1.470565437868269
6.212920529923614 1.6733656915305009
9.065979724254001 1.3038112086820524
9.086872712572996 1.209141926593782
8.504860972279836 1.308922276255567
9.076686482303218 1.2250788892842779
8.746182747604696 1.2365551371626007
6.279128630501838 1.6566664492232335
6.328347877669471 1.6521573192034533
8.452017541182864 1.3693445650233567
6.872295774309846 1.5405134079315548
8.323914815144326 1.497714874181372
8.58764290571245 1.2973616584033434
9.067007576520442 1.0065547452604302
9.111286452570113 1.1636480788312036
6.5968329712038525 1.6124470948322371
8.563288676750808 1.2366135858109166
7.111964730878229 1.4972387347910021
7.353670898860435 1.4738673155260982
7.07676414575584 1.5048106500395821
9.109945178800015 1.0797582522552223
8.790805520416953 1.173868926997597
7.362317285689306 1.4538719771776272
9.114326691802146 1.117857730427353
8.424298767507713 1.3872602944916508
7.385094858275196 1.4593266184905285
9.07590273117326 0.9459870224414586
9.094411042305119 1.1726150331979912
9.099919445100277 0.954278328445036
8.684033249313392 1.1548345875315276
8.370914719153479 1.4352566498898967
9.025806196794596 1.1160041162523835
9.025583240384297 1.086297912657674
8.50747657651227 1.331291965957751
8.526316379402058 1.3357949197023258
6.966090942140759 1.5754838752551112
6.47455918587162 1.6183435640037367
9.087577324505354 1.2538686591566044
6.948992571005155 1.5265141171692194
8.96492608205504 1.0752247656625293
8.826439388053652 1.2265275786375298
8.495730413688202 1.2564542742872646
8.901850552217033 1.2019501967748298
9.105805462955667 1.1169575285419537
6.269784022895005 1.6528130801767253
6.674283401886992 1.584686390359011
9.101850421549898 1.0018657414299683
7.095899350797166 1.497728824126546
8.435132793338116 1.3811188743241682
9.086256878188664 1.2309818793200964
9.114512740271273 1.0473447838483896
8.31682200717936 1.4629733191004166
9.110954865381384 1.1631585870881127
8.509866100573536 1.2969586878871555
9.070435096903353 1.1640381466288998
8.635622319893965 1.2795614147133132
7.215331344448112 1.4702945826978826
9.120553502923771 1.076693589383966
8.463044631509002 1.3698740924183916
8.389025522977516 1.4057403709643028
5.93855585133 1.7252488917508333
8.461922308380244 1.3537967047507835
7.23564048316278 1.4986685772761503
9.0229890875149 1.0815572897869725
6.930401051314194 1.5175268121268346
6.022817056334782 1.7074201813245962
6.451817121873856 1.6173077075530278
9.06194693790002 1.1278158632209723
6.030737121239486 1.7050969257932254
8.492987224593007 1.2740737993927418
8.702324949410736 1.276731453666926
9.092378702669722 1.194275892250034
9.111498335438876 1.1372949728745585
8.487160964392618 1.3071765426723854
8.480249533440757 1.2604328316903706
8.515044880797001 1.2561055910032615
8.889991443164577 1.2590699170039108
8.624301026263145 1.1902028979032298
7.2367311919201445 1.5038590695359955
7.711107222408616 1.4128195993888764
9.03873602730581 1.0143796609639792
8.508781978719487 1.2916335842753077
8.617523297984787 1.2164959837448115
9.072377178757908 0.9421568402449754
8.498059707209269 1.306494566504079
9.105162910531426 1.1940961960550376
8.43853376368349 1.3970876346654286
8.559974058635117 1.138545360705243
9.08992683765766 1.2379175204658868
8.421483691253101 1.3882438974329268
8.475760693095026 1.3419060411167123
9.051710796868736 0.990497668538614
9.082027308950648 0.9676128573571817
8.448222239901968 1.3927310742102899
9.058321905456364 1.0130299054503522
8.448507601866138 1.3691726157718214
9.086549435577842 1.2142603064999113
8.98697589546959 1.0746315465966878
7.176604999947747 1.476649220878054
8.458960200059629 1.2341331028981157
8.523120290283215 1.299410012248575
9.074489617853809 1.1122143237932827
9.102693497748835 1.1749658928627007
7.173671827170983 1.5086581670721075
9.11412054092733 1.1611920940505953
7.205940718306379 1.532898479073008
8.475895808403692 1.3468136535705761
8.512185076972415 1.2742832963647002
8.361838583139999 1.443287230243968
7.6201506665303125 1.4171034493326093
7.449666574483156 1.433424455611754
6.579750859790351 1.5869715424138813
8.6334354340261 1.2606028423667506
9.025844406951 1.0360837756465506
6.6531712598179995 1.5819932494202376
8.645070020730078 1.2370696198980395
7.031663017288725 1.508887484516692
8.446632749388904 1.3850748778589541
8.305825400937064 1.508229835932363
8.520205757247641 1.3524074959210048
8.472903654692269 1.2761531040417486
9.05766102112758 1.1620514479046924
8.457626874395908 1.356841324406245
8.459803742899624 1.3733101139929427
8.527833794955013 1.1850367521074596
7.5809149236743565 1.4632565762808398
6.877623371557114 1.5601078338860979
7.032785645490592 1.4995289125630307
8.588589971909217 1.1965474532144995
9.067232210466925 1.0261947302884888
9.081582795826085 1.1611598481100487
6.48147192058226 1.6095396484629645
8.64551211915816 1.2741084049142373
8.39405298280363 1.4015117700742947
9.075980283559616 1.2237053755928875
8.731837538555046 1.3243798635310775
9.040100315778464 1.0949923800996137
9.095749486787147 1.1006510190285188
8.698596542575268 1.2663960832177938
6.781238188311286 1.576269597418071
8.554992900186665 1.2755062955706857
9.1201134694513 1.0808332788486255
9.102875447352531 0.9836457354717383
6.947926369695285 1.5623646073886654
8.46245532179429 1.2162285618819217
8.479147613650916 1.3363302273422064
8.45681262220183 1.360941840441944
9.075649499447069 1.2863474129035426
8.51535389818488 1.2931186389096674
8.465170683346821 1.3508569460588935
9.071434631994691 1.0497078255531007
8.481408341814944 1.1734197993967121
9.08028419328006 1.2207595428142046
7.0130433379394495 1.539362302100102
8.391254781062996 1.4070196337320007
8.478225400829343 1.2357681098434223
8.469277622468592 1.3650870354084275
9.082440286099805 1.0654264599114116
9.080564624060045 1.2734088057601691
9.08876023160048 1.0508315516124906
8.647897765145968 1.1211230607061076
6.6507567909216165 1.5835924908775005
9.087007792459941 1.1162692495024868
8.487274957792891 1.2129586969993087
8.478136020511586 1.241602724107099
9.074907167369446 1.0477555448636797
8.533398493942368 1.2471812698293085
9.11802172036827 1.0724146363239138
6.579447541816471 1.597649028111216
9.099387364266054 1.060189138218379
8.484216784355382 1.313886922236442
7.101022233393757 1.5247476153331445
9.115550229524107 1.152492073611021
6.472812319476725 1.6142355316098091
8.49630138165446 1.313109547086671
8.492977665143169 1.2922509778017346
8.415975243741462 1.4077463033922397
8.590652988054655 1.1665132933761586
6.559254653530923 1.6039705416112306
8.69820638912856 1.115288744769756
9.10307174723188 0.9940423990721934
8.596304521051401 1.1342403125587652
9.039880391929843 1.139635153524249
9.014134161486872 1.0352676047836646
6.6849397435567415 1.5723752960022346
6.583413901039542 1.5865813985119959
8.479772650592324 1.3395951055203577
8.442168463403977 1.3825317611467638
7.581710949221086 1.4259175690382246
9.06985886927293 0.9913878918665204
8.353769071850845 1.427404530370117
9.115983513407878 1.1491322401993866
9.030644942587468 1.0793700283168013
9.044044358099821 1.145626124984228
7.073212721559429 1.5115212196123922
7.3258801708892145 1.4810120896414631
9.106893650661068 1.0936590033793854
8.33415851613646 1.4601527898597255
7.027743250911031 1.50894219636248
9.10518755372982 1.0036343846443714
9.078006738973254 1.1486372108496052
9.113976417261831 1.162341880163522
8.509857232673864 1.2479994320398389
8.510594797079444 1.3311568915911056
9.086135619215659 1.0924163269225249
6.751344207646087 1.5590435241682314
9.055260685386816 1.1291348060026958
9.103570683374741 0.9668333229536791
9.105966615135744 1.1502197337467117
9.072927079269997 1.0603594309877076
8.461303253535883 1.3818646603779707
8.56821364498177 1.2717229443635751
8.410579326438404 1.4102596756567356
6.151233121757349 1.6792678531772318
8.583765766740669 1.1504552303906037
9.033209293602098 1.088187074703708
8.492506071556274 1.300981276931116
8.382830079825084 1.4443735575608465
9.11991370828826 1.113328528170356
9.086636573494706 1.1798005908264166
8.567752348549861 1.2712776987384626
8.322460199853634 1.4630457480860037
9.083484677796504 1.1933466402277586
8.351972997565262 1.4354767505364614
8.411790940402438 1.3917389266186238
9.119721880402565 1.0725246606705794
8.507367774302768 1.3034507218894125
8.511844683653546 1.2414361632308428
8.446530882611228 1.3789485920200086
8.582905428014971 1.1620593711559435
8.437527300280925 1.3724790253711578
6.283766588227231 1.6542390473809832
8.558755097499779 1.2376708024789544
7.565229396978403 1.484519007442715
7.681648193696895 1.402962743484929
8.57682907288259 1.1192661714309224
9.010800528022376 1.0470591656209953
9.02664679533285 1.09385244142122
8.547764736363375 1.3070564474103021
7.609469735986557 1.497463520768225
8.403285364658867 1.3965998825926127
9.054135690713235 1.1054661254023994
8.510110913782178 1.220404331468386
9.094951384081035 0.9555516074574768
9.065826351453323 1.0275414699260583
8.587993061443862 1.1756709089630373
6.3532118259036485 1.6439007241310732
7.206357083666481 1.5498052362811179
9.116839220306336 1.027554802207282
8.729914306951748 1.2495492253479763
8.521567312549063 1.2340196632964167
7.1841794222941155 1.5221460248197445
8.389451673939536 1.4051556589547618
8.514634255490742 1.3529535094668959
8.552470029521139 1.3066733447048078
8.389222825683982 1.4181637695451437
8.479061257814935 1.238827183908307
8.385940590734258 1.438409752278021
6.556242341255901 1.5999997428455828
7.038955353708342 1.5142762009268669
8.499450787391623 1.2260769313098012
8.5012930852955 1.303593281953885
8.470622408950511 1.2513228258448266
8.655651045066325 1.110091704259256
9.085333338394523 1.0389075120588391
9.067644349948502 1.2144808163518395
9.012370587835225 1.0498869877934087
9.036057839625444 1.1095739966920264
9.064037322422248 1.136931618779849
8.516861404857476 1.2354607413747158
8.67800873054717 1.187145192113885
8.480716778793672 1.3333538885653362
9.091588505686756 0.9515642742754622
8.538387818349424 1.1880185066575377
8.506451255075767 1.3392690195323913
8.401812173543652 1.4037349664961545
7.298119125362351 1.462806611264895
8.504113739533823 1.1721766579097461
8.516257495512525 1.254195320468916
9.093035545892612 1.102534584374226
8.558028424097119 1.2799215781998408
8.4527764353736 1.389340056777059
8.497100715364843 1.1806858314613773
9.074097856091171 0.8994241756605553
6.680619287490901 1.5844889189060052
8.38724859321901 1.4519163654139275
6.752084212924835 1.5788394457599757
9.099059305359278 1.1226192561199333
8.540429531701179 1.3181741787479697
8.445448311537445 1.4068254770852515
8.559584857725667 1.2388758328100864
9.087897705317324 1.1372293380303835
9.082866018783015 1.0364556396447335
6.674297870589935 1.592593403684433
9.11318396860554 1.1392282966073393
9.100959558384941 1.0483230548217055
9.111776740457726 1.023434992497926
8.47182110611895 1.358221589373967
9.091416917223103 1.1234691982053528
8.425927425225506 1.4063167443325675
7.4038695177174185 1.4837796738542075
8.506257672976826 1.1656180119666708
8.413092212855227 1.4156044510226056
6.581670122565258 1.5873667050693192
9.11164161570438 1.138690434641421
9.069088073027482 1.299304693020519
6.259627503148081 1.6550145220469734
9.038446959476072 1.139407576950667
8.467521087051438 1.3483171494497808
8.573243061468409 1.1731464211934368
8.466147984900193 1.3704936716954648
8.466923838640325 1.214494356388345
8.35730102256673 1.4230846271194986
9.116876685990796 1.1446087707019137
8.695760089699062 1.2335428284535357
8.08893843315934 1.376561405437774
8.621717097279799 1.1702225552394232
6.177861336840258 1.6747702245804779
8.529949245096299 1.205873865039862
8.505484140521585 1.2262164313006159
7.229285691204621 1.478909341870896
8.607350493064597 1.1435003893617013
9.09028932903171 1.1691673267635572
9.10036229921669 0.9668282444708746
9.062970260100448 1.0062278161574536
9.113189001409197 1.0063393224106354
8.574107602153903 1.252823075707135
8.460921669758887 1.3577724042553345
8.350031591033456 1.4399234750533432
9.048211392718075 1.031940482320145
9.108593750995208 0.9912973308494555
7.129530050950762 1.512010406899088
8.504950966741813 1.2364185922416993
8.488923078254231 1.3072422540445232
8.352777252122936 1.4483055633731434
9.119643473570392 1.1020581798122333
7.035000706076243 1.5404875351878344
9.066530318216671 0.980165886879887
7.294653420422127 1.4827879698110424
8.49860361750049 1.2384602305499135
6.374194218581997 1.6346285922551516
8.476805030463632 1.3452223966048216
6.6059193470283395 1.5827651126599525
7.782593716222972 1.3919151857149332
8.573556612445191 1.2200835934406515
9.089846257437905 1.1483457128781074
8.63079875466466 1.1799072198446068
8.570925009732427 1.1615669523397518
8.691442228602376 1.3161289985959852
8.364648009939877 1.434629208930346
8.68595485318116 1.235757545698301
8.533368179047164 1.2754967623353877
8.59592927417403 1.2740936537872403
9.094932150709742 1.1060069104048564
8.524999016361017 1.3244498104785114
8.406956475596326 1.4343897428978558
8.447270822659302 1.3689284653092146
9.033800518522805 1.065821913446083
8.731198789597656 1.1083791828586878
9.090625509197444 0.9701784676542523
8.577415584790213 1.2604272617114618
8.582134368046884 1.192491560586232
8.615173476510003 1.245373001607743
9.088067025473636 1.131684727501461
9.08867255839842 0.9240394150441666
6.6684996449436 1.584394312706426
8.403749286841496 1.4451628455167278
9.100531690044587 1.1387363415774692
8.585316282835528 1.262191242183505
6.706573128008919 1.5691297139353975
8.400667037630884 1.4166308695369079
6.756174360274879 1.5625079232416832
8.620892189426721 1.2205631275792392
8.387969235290234 1.4253180399747234
6.757872043869713 1.5609703882982946
6.70587979386426 1.5755887334162382
8.45951399238993 1.237832353165572
6.5105306246696095 1.6218218610725184
9.067552813176903 1.180122748797229
8.55258739044581 1.3162570320333098
8.612585199563645 1.1692369529551356
8.411519087703144 1.3904877569839675
8.476907326555608 1.3452995346506507
8.44440706792673 1.3740158561441762
8.555763549931552 1.2755916404723129
6.6429305710368105 1.5780246414721786
9.073656301508471 1.1797171085497913
8.444286774242743 1.3818447249350512
8.473466483971904 1.3462600843634809
6.891672697633806 1.5818002401935911
9.101384053164495 0.959086478032694
9.07356092277201 1.2836612912009278
8.7359942868929 1.2920933613811498
8.495716783899024 1.2356075461103593
6.309839069722666 1.6461408813796063
7.396726850420033 1.515225085932125
8.513796423770057 1.24170806467195
8.394700160704314 1.4132579918500563
8.471184764781578 1.3455630962640777
8.556918113498241 1.3110560498514554
8.66689053800894 1.225058869666139
6.316849392280175 1.6522436537945826
8.393749939113954 1.431038948929611
9.096165848990557 1.0646667121818534
8.473565761872468 1.2196881752531836
6.800514608590144 1.5453387024347314
7.419726382121486 1.4395827903170666
8.43328350753571 1.404399334291767
8.535491337932532 1.1349193360654144
8.63364441603488 1.1195851841820923
8.300563148547267 1.492933339415672
7.012019821006602 1.504396591439015
9.106392968442613 1.0930633930161748
8.553376046740222 1.2662372232804662
9.06774403221477 0.9997055467542589
8.589462587738879 1.2773632644536401
8.562616570187904 1.2448786608482685
8.40017381456751 1.4001284848739965
8.47480243076553 1.3432976437357869
9.069062320445619 1.209617910933294
9.0928188682951 1.242571359037342
8.415908660795287 1.4120047691770008
8.51668784039049 1.1754694043708187
8.45447879360432 1.367106538214514
8.582768182262683 1.3202295698307458
9.115117945021911 1.1050496253871191
8.568396075246172 1.2447616344234356
9.1055200603905 1.1459792551740384
7.8034476024640025 1.5102791038590824
9.070757280554217 1.1591494524706871
8.552271373955117 1.206598861069139
8.47582297984156 1.1849266564784418
8.661778857682059 1.2431599231972728
8.330987298992188 1.479516802596322
8.4736349792008 1.3507074108254071
8.48499453648372 1.3287021467933358
8.606372106089285 1.1861385058441678
8.483255883599558 1.3000348489973796
6.282673829348685 1.6503566596489243
6.4566865355417296 1.616935469848279
6.9389713096625485 1.5160195266745284
9.077283679904042 1.1063657823173787
8.645333358130932 1.1225671343100547
9.049461109522623 1.1385797012369667
8.540542247153034 1.2447606830732831
8.492474679820583 1.2312896305926222
8.498260563379977 1.3185641396054313
6.218853157264111 1.664301949453336
7.747872075200368 1.4668016770687025
8.320831393338379 1.491344069414926
6.592854020643989 1.5889888936351155
9.09040396606843 1.2243668104011807
6.642851383382498 1.5741127871388954
8.395331091429632 1.4541530064769832
6.5749420540407835 1.5912129673545012
8.503125396058698 1.2801662880021327
9.087422840897922 1.038151384263383
6.472305374643292 1.6320683277841026
9.073479372516278 1.0374892583533062
8.403988200092792 1.4430813969484102
8.642403989676687 1.3070851140653341
7.653026374570796 1.4203383230487112
6.204441250082711 1.6670714904720862
7.019547955559228 1.5028151840066004
9.120932310407756 1.074275659792813
6.66359465768316 1.5764258570054113
6.778454813316221 1.5556044135936165
6.776550291061702 1.552595880494664
7.655924177383943 1.4885281338781982
9.02766003967433 1.1153996657711467
8.522418140273341 1.2632610422945671
8.537797023093594 1.1615520254986387
9.065043929726647 1.0856078865700385
8.463732530979833 1.3766321268928412
8.417120755710636 1.4151381442810553
9.11656466631097 1.0251396882640749
8.547859206269152 1.2891427733947338
8.429810380286575 1.420799970619611
8.609544242012722 1.111294034213713
8.993205406671294 1.0896689533966177
9.11359066602783 1.0933088898921726
8.465846242876164 1.36976591101989
9.108281263110756 1.013378789830428
8.418499918100187 1.3987326653741639
8.411313430658751 1.3989138291186896
9.078766566364235 1.2503422484026547
8.580275190675827 1.22639578218025
6.937361821371685 1.5257550582715302
7.321675541568966 1.518123534606763
9.060334468231147 1.0589645381219048
7.5383553994625405 1.4388606501124723
6.882275849309263 1.527127139964188
8.619170000125905 1.1976257712156904
8.58384876861959 1.1623907186975366
9.077228996168621 1.2403589678933507
8.468301006206733 1.3483934290387485
9.11253086878826 1.0296763650709626
8.662027529911656 1.235120896979983
9.09413442802499 1.2228338304214026
6.295515934476122 1.6476044249427635
6.8041320570677275 1.5690721695559309
9.072536831906579 1.2430237276249139
9.118498546728526 1.0427021016509987
8.631086950053486 1.24897621161493
8.396885908365107 1.4078113387739073
9.098985654974715 1.1541148834584254
7.270401538206969 1.5169562176441453
9.05974631934709 1.16772293954036
8.43215308244602 1.385000543819303
6.937224084592053 1.5185774745288014
8.582386634687179 1.2282309328308632
8.434917253180338 1.374544819232154
8.44975730974581 1.3633539511005757
7.115822493230401 1.5070455869098114
8.546856399262868 1.2547421597870936
8.549987925959472 1.2333418983408055
8.482072611513976 1.2965116536854973
8.51196434042926 1.192879255717141
9.054696190823465 0.9861277168557477
8.492134898920485 1.2573772796345015
8.459759811177594 1.1928848840902468
8.472027235241825 1.3585145740589561
8.520166549475647 1.2770782021616578
8.68694155099467 1.3216657290445377
6.930240257800088 1.5741384748490752
8.816933409018299 1.20212762465227
7.06721057805919 1.493267870765458
9.120546902775901 1.0830606406989334
8.597704454106898 1.340412649321239
9.086885608076829 0.9515354640144739
8.429683487371753 1.4130420635194034
7.049772726626062 1.568173388215617
9.079835258687112 1.2603796582077864
8.646697535011853 1.193455587052254
8.650876385383302 1.1923579477892172
8.553576712643785 1.2897616391014197
8.480074334352244 1.317380602806526
8.523968752206539 1.2753381668065136
9.097917322920155 1.1388385174048685
7.658770579080784 1.4215701536798453
8.553185435616097 1.2079501988118866
9.081742141824394 1.2624756359020506
9.102553380154001 0.9821097762460157
8.484710300706308 1.3687881043760186
8.60025689866376 1.2747669436727211
8.67094717964847 1.1553686891087094
9.079189176615587 1.1749431444619307
7.938649950274976 1.3841484635241574
8.734036878386554 1.1762143702826542
6.801595472455841 1.546752401657908
9.084905272038494 0.9192599504566914
8.465793787030771 1.3511306633072124
8.71264916464548 1.1284570825614222
9.107826158589118 1.1912042610292002
8.540428469858941 1.2950303521729563
8.4783061859316 1.3395379761714572
8.550492832156438 1.2743532157025694
8.59191485783398 1.225548783909473
9.090578535170188 1.0058614387082203
7.350015344735546 1.451299792764615
6.983173361486369 1.5078750519759154
7.380817647646847 1.5296121006766163
9.11127116684848 1.1495284301492903
8.542307442447866 1.3664953093192487
7.057576648270661 1.5050880329341776
9.110260855893102 1.1761942759847221
8.558692430541047 1.314833238893243
6.384934032948901 1.6425005700408173
9.099933370319512 1.2199984272600646
8.40528366698957 1.3959376075226753
7.634688876067235 1.4252933561218855
6.862871572213964 1.5816964908440478
8.500288806650987 1.1670531137978952
8.447975952674936 1.364982385960469
9.086476334983216 1.1657247203357761
9.0606906051885 1.1910569106581204
8.529036114649234 1.3632192816931656
9.101285021085578 1.090251624766847
8.400122437593039 1.3978315316669367
8.457150776634313 1.3735463992550947
7.67930601924272 1.4235560527472828
8.472273508259798 1.343709619635575
8.743071204881314 1.1059337267584668
8.744353666635988 1.2256495535171785
6.59567382623449 1.585078675720538
8.636708227440401 1.1521326270243468
8.505037870706586 1.305289916446735
7.266932882083948 1.508313876033671
8.451930317591525 1.373739569767108
9.09000481068178 1.232589688572887
8.633873282950638 1.1254677140529397
9.110711435571679 0.9936611875186402
8.556607906437003 1.3261026926374466
8.498829579479601 1.1664466777089715
8.310207752497453 1.4941487772009692
9.001163015563765 1.0819714827779525
8.50466555833105 1.3028898796811976
8.453707326792852 1.3601823230452974
7.3193006639794795 1.4738940247282182
9.095901796730278 1.2305924655933504
9.077942400660797 1.0703832038374959
8.523905663774375 1.2691306611062334
8.573062455339683 1.1262868695765818
9.073390401427297 1.0745742396642868
9.108467275909094 0.9831571298462879
9.105729943458591 0.975043994938194
9.052445362793279 1.067788705447764
6.792099551095306 1.5857187484841548
8.389555906305661 1.4171024954148375
8.504084500776026 1.2599214722317278
7.777738617709533 1.5173990649236895
7.044201823958 1.533021787387265
8.472073775352877 1.351617209380045
9.05886158727514 1.164281625885653
8.491688794588004 1.3239833727841255
9.107370339007531 1.147525887666446
8.527110909882618 1.2317867842404515
6.595330880038099 1.5846451337754321
8.516787997189983 1.256605092727516
8.575423977004412 1.3181443879359078
9.114235381321645 1.1278787496035934
8.58135712566116 1.2705016262889737
6.288499828049696 1.6538419890222684
7.4923357839273255 1.5316212949614176
8.495257891565394 1.2255803385387662
8.642386174143876 1.3429288803989046
9.097672447431473 1.0916055651100798
8.374345620006784 1.4133031156491207
9.109745859655936 0.9921912656737056
8.72148512161516 1.1483268952564871
8.453462298478492 1.3668192577929132
8.478969687434505 1.3414091558604546
9.116979841922234 1.0537632931480407
8.446437490545733 1.3739277647852537
9.027464557631706 1.0208668418914237
8.641026054611817 1.171285113325948
8.559559153668545 1.1831501308528636
8.493117852560548 1.1862217614621937
9.094657508963435 1.1798840455373645
8.667196217954386 1.3214006728151115
6.329267917043005 1.6466067427784312
9.097690534764228 0.9650299703431895
9.10928974139955 1.1756036185157468
9.049980902940794 1.1519820899361797
7.103408636604598 1.514333543004239
8.822345995168767 1.1566900361559658
9.107829901042996 1.0622668442444059
8.520620172459125 1.258974308536331
8.28350206389921 1.3637730738313605
8.601519818117863 1.197052178374238
8.484641129335113 1.2569657175975013
8.59499150664407 1.118447576214313
6.276544787132588 1.651976900867118
8.502138271816031 1.3284672634376982
8.650172572366735 1.2307254156699308
8.65527037304194 1.2949288852067182
8.346506971562519 1.4734919770405155
8.987457175632006 1.0650878372345245
9.061494615524847 1.3160469761995717
9.076683655071873 1.1889001046936314
8.42871749574149 1.4216795942214473
8.608473125959652 1.3479780062487505
8.460197509988214 1.3557880190774796
8.410507065692716 1.3917515419197806
8.528834333992597 1.2377231879388426
8.478058262618259 1.3381478089857521
8.49712108530055 1.2487481525270792
9.038554282572166 1.1108789190892878
8.995807415332077 1.089299385495139
8.501043011419606 1.2727644844391472
8.532165114842378 1.2977376110860699
8.82092964083473 1.0985957281167114
8.480765961112311 1.2973775780368826
8.467096829364847 1.3749390522563298
8.504565613109108 1.1809745317883658
8.478531724102698 1.2142292368982297
6.6048273769719685 1.5970640485861756
9.088101142128295 0.9600562060424301
9.100413613046674 1.1728782986515114
8.593476952247066 1.2675047280284408
9.045518476254898 1.051607987738901
7.083525219775529 1.5463024390495543
8.547326425687597 1.2310064390966016
6.296399663900146 1.654773535769708
9.112456206298614 1.1030735672333702
7.250940899102264 1.462425224401434
6.316808795136914 1.6518914024450753
6.824811934947724 1.5662216017985437
6.972698779820107 1.5446520289458783
6.277557138684604 1.6533659937478664
9.106311091419165 1.1088164058483445
9.08662307498734 1.1976652363659641
9.111077259194362 1.177861818578839
8.4421026329467 1.4035097452059153
8.34564977321103 1.4426203287474342
9.086154199291437 0.9433227609799403
8.517741771946014 1.1429003567281661
6.8606036201558975 1.5398681516222401
8.432981943407786 1.218775271308335
8.488162432315596 1.2442493814467246
8.44131433371021 1.3716577480578216
8.552755744756844 1.2788394635984985
6.263255103315781 1.6605981531691714
6.739556789250469 1.5719053060137187
9.080974400726225 1.2732189679597492
8.43905269143713 1.376154837842402
8.372750020578152 1.4761861616621645
8.47144242036072 1.3530846046854503
8.345873886711859 1.4360005553195982
8.493283788390276 1.199343420265385
8.666454530258 1.3387991466444267
6.910252738755735 1.5340535825783606
8.345774524004755 1.4870473005646703
8.701259918010381 1.1963712107538242
9.093382650159292 1.1647433063725199
9.10661318312191 0.9768828914534803
8.48017118035727 1.329411808228441
8.571600033342575 1.216438004712017
8.472011297623212 1.3463361097045252
8.597416238076354 1.1878441682398855
9.026961796462059 1.0218779922657655
8.725252838507275 1.1319748699842225
8.30649559127135 1.5008446489827005
6.413592263756121 1.6292735106104217
9.076756396314119 0.9585569799797627
9.10166075273463 1.1266587583989918
8.967821068356331 1.0774956803768294
9.079503445059379 1.0407282835928167
8.408348025959897 1.3956167705944778
8.356383204109564 1.4756875136346719
7.048793542060651 1.5200847125669978
9.091993861876945 0.9908451096660689
6.555187492048039 1.601655503683133
6.4346416785733025 1.6204945454808866
8.693961283351396 1.1792658057716618
6.035138607886964 1.7059394686412976
8.457010111229758 1.3832636459422112
9.105057930631403 1.18561107418218
8.543640934044229 1.1615980014531586
8.529734331377528 1.2600405525338731
8.520129567493225 1.2635476305276683
9.068915842082369 1.2995497263288691
8.432227905724316 1.4053358083236205
8.308086649933905 1.4677723372877713
8.41714380385541 1.3928624228029702
8.537704759153492 1.2446453909289832
9.116536954836446 1.0696461956411765
9.081989471733555 1.173473895525643
8.6121694665709 1.1985317442299532
