6.751595185358058 1.5395796097547303
7.458255273035041 1.333104868766689
7.101307436496031 1.45813673380542
7.713036302852327 1.1922016463657574
7.837897508443433 1.1253078313409655
6.923575653568698 1.4971597146625042
7.2355648970352435 1.3959115293384454
7.795675290451842 1.146632318024631
7.103640175231948 1.4510364067092152
7.857959090416549 1.09830238097613
7.989088554144106 1.030205768642659
6.8005907957870715 1.5253786246982626
7.578929128780589 1.268381108108683
5.938370584993346 1.7021821159624988
7.669264020580175 1.2049453887641448
7.688289965618134 1.2055499068462907
7.637994432541658 1.2316163516660767
6.478266405209788 1.6095042337291952
7.992074251413199 1.0288883422293573
7.625533744322724 1.2346824723129843
6.712994325608289 1.55924856107623
7.183665938824649 1.4094138670113874
6.736037814685503 1.5512715228736034
7.789117634700031 1.1460365955179646
7.394994975368739 1.332665060045952
7.789171182301865 1.1331244059987422
7.333403658492465 1.358050023785234
7.569878554480774 1.2622493007867706
7.671288735151872 1.2130497786458045
7.653956505733022 1.2231981060094979
6.707685383145635 1.5511267420586403
7.912917874696356 1.0803124862292628
7.374714165026769 1.3688125025727549
8.04208208836745 0.9891009956982254
7.7890032902124915 1.1476874972278381
6.46503834368268 1.6108483759867873
7.266550861400132 1.3792544267384321
7.25289230809499 1.3862290068483119
7.628680572089418 1.232551122661887
7.404838869528825 1.3565672560413984
7.859484867106512 1.104583726451871
8.0998428944558 0.9504059421745289
7.662815642573802 1.216249878352786
7.491674894071187 1.2932178378728696
7.912586319201164 1.0705519394121106
7.962695835062694 1.0502396264534362
6.19897837211099 1.6593733373301482
7.109106323026851 1.4377399092659064
7.64796567395448 1.2248277558114868
7.749063420747652 1.1734238387476834
7.7089004943472625 1.1931117535818319
6.958274261539981 1.4797139341872498
7.835190065734943 1.1270809112713924
7.46014094897437 1.311348631240151
6.81889513073861 1.5231533093365128
7.557673583009175 1.2744610428693641
7.993955302488618 1.0198418782993883
7.674024546793828 1.2120939906671993
7.381152373553126 1.3423251993243237
7.515396591424779 1.2899062859691528
6.7380152644066955 1.551947703232905
7.738462210188929 1.163618044676507
7.856328096920532 1.103966381674086
7.551810930436256 1.28399492497864
7.568509344126715 1.2730117715907487
6.682117955879456 1.564219919208791
7.551884856009288 1.2803370352456112
7.468651575705641 1.3057226150340486
6.861164331074108 1.525319327349183
6.246451177226547 1.651662868809228
7.4825717484479535 1.2969016152881268
7.362926846520374 1.361469065172428
6.978649958279049 1.4947757733315847
7.979937962655813 1.0389864806512457
7.818962265447442 1.13118658280893
7.720276014416159 1.188217478668988
7.337746131833114 1.3548673414542312
7.879988951281724 1.1015846505750857
7.4191134322021846 1.3475005796541448
7.764889062426925 1.162075542178372
7.568676360477608 1.2746306679148662
6.819302363707135 1.5203937168426567
7.639948644457941 1.229043645018503
6.922484677614381 1.490171993357197
5.907223680827792 1.7066068823772613
6.993945557177578 1.4833620483743784
6.823117340485599 1.51853494778078
7.24949962058193 1.3911214538459618
7.690599226011724 1.2042973577048646
7.683987199211937 1.207712328526096
7.5597259937883665 1.2786970889376446
6.766411450419238 1.5354380224121111
7.385437697969541 1.335171462069946
7.765911032277154 1.159347301972117
7.286438509704724 1.3802956825835175
7.582790426567887 1.263029978828283
7.248660966222421 1.3888087968127487
6.997909733062375 1.488817266176913
7.698631893967897 1.1996088953510051
7.95801591289743 1.0421499894808242
7.348010142054257 1.3683456007287766
6.825284796457083 1.520382791490429
6.984645964451022 1.4935907608920496
6.888725715651132 1.5122112987734175
7.412720878892289 1.3270055993286107
7.135070437851663 1.4373545578414477
6.142888866786636 1.669434454464325
7.164908180125263 1.4149161131912584
7.068459871662276 1.4483967111563008
7.1776728531865555 1.4153083542267775
6.827124393016861 1.5172020557642878
7.253829433755966 1.3981802180180507
7.3949535546600575 1.351206531080804
7.281995936900931 1.374477602646143
7.662819370122345 1.2193330914580587
7.602156759437595 1.2459587072505485
7.433732883432149 1.321201273800725
8.069567223498149 0.9638969987813207
7.617895135772893 1.243469018961612
6.348062170142807 1.6328439702379642
7.350224437050526 1.348461025559728
7.6275129642729445 1.236777844702192
7.590801946985733 1.251388322271905
6.222040739004289 1.6553012678335322
7.490331444470856 1.317634496420211
7.710322756327347 1.1930464330674728
7.227621276148482 1.4202550334592727
7.294370197350701 1.3752181064267055
7.639270898336368 1.2249569766478952
7.748449232723969 1.1512783071221409
6.175274407034996 1.663614096689732
7.611471220017858 1.238391295502344
6.868163491402095 1.524005374409274
7.671719154698849 1.2145959548438439
7.961906732374205 1.040746443411455
7.6015682083478735 1.2467402078665666
7.748102218493923 1.1527484944520705
7.766998662905078 1.1640090142495838
6.770607312667045 1.537920068089418
7.659107301484264 1.2183361436460103
6.930647510701098 1.499281213029899
6.70260582782398 1.5535181868324806
7.939011063221282 1.0635635702489192
7.714388092568155 1.1905662686760385
7.472346380391237 1.3079210456791937
7.773076818676125 1.1494543273852302
7.094487440036091 1.4514784989712475
7.127340631283775 1.433318038607444
7.435794350671272 1.3152496109574598
7.134218411085911 1.4283597431936772
7.674933160321398 1.2097536420342783
7.746031248510496 1.174743987880085
7.667419405128681 1.215555681290025
7.434828965465128 1.3426733395893138
6.866782656627033 1.5106013747684937
7.899207221901775 1.0875827178476118
7.0128043567054235 1.483551036750543
6.748783879446931 1.539674802912615
7.967840938279623 1.0393203365150825
7.500272477650396 1.3072292712074385
6.525670917265777 1.5926847007630178
6.899422976138958 1.5087354655747844
7.334327124562656 1.3624999269640845
7.55589279911081 1.278222702566637
7.531497622804088 1.2951807482838846
7.268462946529016 1.3875724495554616
7.107305060504946 1.4345089019540003
7.958084302093476 1.0387149995484937
7.760607802497802 1.1594359258082918
7.53990965786465 1.2743431163087695
6.98720476395634 1.4737573210534647
6.800361917147589 1.5262487454459648
7.781118074642607 1.151212402224632
8.076675549512869 0.9687768085274792
7.006097905363479 1.4774611588872724
7.173202550986376 1.421314212470101
7.62602018718313 1.2396256082938046
7.624066172708572 1.240529523079197
7.146242404940658 1.4273458772659997
7.252080954856319 1.3912249643078716
7.52999896575347 1.283657286902271
7.708816236708754 1.192536772772754
7.3947502043222215 1.3615650421345042
6.1756619911601565 1.6642119959171622
7.219451589709634 1.3973552462403243
6.971961968473343 1.4853962344348794
7.406983755671223 1.3273481662320714
7.727738380526728 1.1814547136090956
7.743195661054718 1.164315402480497
7.9693669259361535 1.0290790182725846
7.790444122646872 1.151247093728269
7.832777859176937 1.1275369712994103
7.274953692576159 1.407312954927375
7.632280745443169 1.2268282136128772
8.059284652650735 0.9763836456126662
6.934012518688741 1.5041767930721712
7.654560756450029 1.2236040680515283
7.504543096615432 1.2872299133280434
7.906397521244343 1.0858990307935892
7.872459251172829 1.0976692264601566
7.436309577501592 1.3266900017082424
7.712753304667594 1.1922148111626878
7.6013598564189095 1.2530759988126325
7.340412792562518 1.3718676539692456
6.453630884254948 1.6111745572376617
7.922379036349488 1.063303275468301
7.753093128579569 1.1711144524734873
6.6893962500193265 1.558034312529431
6.758426246311671 1.5376421579040098
7.536152121780407 1.2904785656619056
8.121495346822087 0.9317172967132908
7.5675609680881415 1.269913421211895
7.427597227395218 1.344151538825151
6.9562667178243816 1.4811593402091636
7.752427851853644 1.1614268524573097
7.675133110723022 1.2116771009181395
7.652540114397056 1.2249532947888306
7.564579313694932 1.2612952969834357
7.894155916819321 1.082590816644029
7.061042646961117 1.4599072300122613
7.171117443828451 1.4265180081368718
7.860100689782623 1.0963257852953467
7.703391927741581 1.1971978889124328
7.486980168537532 1.3000629088795663
7.339819699774998 1.3795028494383779
7.916068800104454 1.0798934313522717
7.874520574057074 1.1019792435264606
7.2358056764043654 1.4071480669219787
6.357519303717389 1.6322668242320948
6.923761946860091 1.4984427492183576
7.646838209865008 1.2265780854229857
8.004799225050423 1.0135134993107684
7.405941820322253 1.3342384300086216
7.135618099219305 1.4457366883287097
7.599410725297942 1.2494099023710952
7.929311186201031 1.0666905677055918
6.735349036683011 1.541864586497159
7.921510498755558 1.0711335085294882
7.358558601526029 1.3452075856630488
6.0427904895824405 1.6862570516917827
7.7475653843561165 1.1662296052930656
7.974155153254122 1.0252203339757646
7.512526565742079 1.2922737767194103
7.582470756282188 1.2658287296567021
7.254665197697631 1.3867714160056872
6.807998431943065 1.5374640099985057
7.606261445666238 1.2456849473747813
7.50846786424843 1.2912928360186127
7.643853263327864 1.227733460492508
7.590960089911448 1.253589521894362
7.416198913016647 1.341747623032044
7.05296069791682 1.4691767672816411
7.9927231070844496 1.0294785203232066
7.1048293103623 1.4381798776228092
7.7771954719529965 1.1541793216101848
6.734222400696153 1.5550290059452327
7.504087702586459 1.2992939484281831
7.472368895035731 1.301566441839294
7.761229729517954 1.1585437123111553
7.802703457892356 1.14511633622127
7.775102465391472 1.1568903524880572
7.575577398089381 1.2679804125947653
7.290893175252592 1.3707336575272113
7.717730356895566 1.1871026199079717
7.471284702817423 1.3020151333638772
7.630941839363407 1.2348586131705532
7.474608626408254 1.3119171411703792
7.435985173327119 1.317505780755644
7.429336419565013 1.3326273422966626
7.725782210017825 1.1854569053456336
6.2840653411893435 1.6434127551683804
6.715745904182522 1.5467429708404314
7.8134757401094195 1.1369072185388693
6.646493556470637 1.5698745777896435
6.978831126168663 1.4914921357626088
6.595286487863291 1.5813609463895812
7.591364103054178 1.253719060220492
6.5566639798103505 1.586597519724345
7.068078320618848 1.4652335981285634
7.736568707341315 1.161936244001453
7.1394985970045655 1.4287122840733537
7.559220481687285 1.2795769512860558
7.517988361181254 1.2884988734586862
7.603110579621679 1.2491264100391046
7.390533455331136 1.3329520096823348
7.185026961640446 1.4149506061209256
6.762991691557858 1.5377747270040243
7.617934465373928 1.2369621107504525
7.48461178198953 1.2965918747429295
6.440078229853365 1.6137184787221317
7.658495566189047 1.220988808326382
7.492503192768961 1.29664453544081
7.7907891952783785 1.1408748448428396
6.952868365428417 1.4826528116535278
7.7600778319428105 1.1652202928394622
7.211051522569643 1.399128851851131
7.019163702573861 1.4743890180716095
7.809738676901116 1.1174815172677015
7.9311135640958526 1.0459020847411722
6.287676902741338 1.6426827608313954
6.766296326008611 1.5472694957058006
7.101185452071343 1.4367824800568485
7.717861140421153 1.1895843381677214
7.495216924453841 1.3151648009143175
7.610527409834156 1.248633416896899
7.437828370770132 1.3321339535134218
6.86346009112 1.5100983646051933
7.24651992934718 1.3862532339612188
6.096652151305268 1.677736053767742
7.666031854285684 1.2176859910849251
7.716900950419155 1.1900775609836525
7.5787087114240315 1.2591631256073932
7.757434549032647 1.1623436465988526
7.818997089006851 1.1363114606190508
7.325241336983204 1.359867504024148
7.669360738505924 1.2139368366182013
7.841879052124587 1.1188140629244525
7.341772848875712 1.3726755692729562
6.48620111753481 1.6049086492699296
7.422841995238734 1.3202055941384325
6.742990477239745 1.539598409157905
7.14964863799077 1.4435041588023194
7.465500956214508 1.3302883730121202
7.644797628175599 1.2099078916905295
7.762569056305116 1.1627950021815725
7.644974155051509 1.229752312493014
7.870906517864993 1.081192267501526
7.405940685940147 1.3350645899413085
8.018240209780437 1.0124864734652932
6.259601668851421 1.6495932384035494
7.303447518540326 1.3861255910278816
7.765679742695654 1.1470389285890976
7.547870185749804 1.2778261294673832
7.548622245042062 1.2709882846059788
7.897664909674032 1.0672928045458616
7.5412179307904825 1.2714035388723648
7.601637237770347 1.2513919961634954
7.3587843769682175 1.345768829524011
6.821565117865489 1.5267057642603512
8.032035870958413 0.996758137068611
6.760094791161059 1.538754635893902
7.220769132759111 1.3983442851604857
7.745631927654132 1.1720665278403382
7.68234133050838 1.1949680244246277
7.2653444020435325 1.4081441228794704
7.619200069670805 1.2374340663167325
6.555849585737746 1.590779296514545
6.260756222893943 1.6478847807033492
7.829106248210806 1.1283073424047623
7.644471046747245 1.2263700820266383
7.353363242873286 1.3473352490341721
7.424468001219308 1.3195460942867248
7.981842340065892 1.0377844228636823
7.812391364576332 1.133535546123549
6.743196206974319 1.5409721105950571
7.5106432992320205 1.3077662564136447
7.477489042477104 1.2981520037369445
7.423925184487114 1.3452160438918603
7.865229369837005 1.1096066276630254
7.082966426118018 1.451055287162048
7.660571479392965 1.202239309435357
7.083003552509865 1.4649692036908724
7.541704358490513 1.288396557630289
6.147334173163562 1.668556325512658
7.487062384910334 1.3000409274345803
7.3771287689413505 1.3537662634933023
8.070188732031943 0.9735687494722213
7.644344715784382 1.2281319062940175
7.5886217635270246 1.2510550903924123
6.745182767448794 1.5428727503134905
7.603572035558547 1.252243176902041
7.395803115469476 1.34279756834518
7.03691900014028 1.4563411617467814
7.602679125968893 1.2490769284626908
7.647007463375973 1.2277271572230666
7.8528978551350095 1.11654257871692
7.841143592655335 1.1237396695189201
7.525971030588399 1.2841368057970934
8.047595592914375 0.9907286602101314
7.964985704846507 1.0294149115738662
7.843806466895585 1.1103767517091683
7.90668175151108 1.076538873539924
7.44367160853202 1.3315065310532799
6.61416139951777 1.5810300635530927
7.652525190751167 1.2206525048154502
7.803889122388028 1.1235108356381174
6.180635672185897 1.6627849702855602
7.314944080765207 1.363256513168434
7.312624703910052 1.368989910213651
7.648419911152291 1.2279435754119135
7.994012741103061 1.0149049993844925
7.448829640568531 1.3169574166084272
8.03764882789043 0.997732566767395
7.975733958388813 1.0408975278910435
7.471366137673489 1.3040336640887429
7.80486664584763 1.1436207571828523
7.354514667516781 1.3467233382275228
7.610795969442139 1.2420613109230854
7.35928036623705 1.3531103387502497
6.921521031332897 1.4961560070987736
7.842804521539997 1.1173583360112398
7.604172745290661 1.2480249759804363
7.683427378961546 1.1923632130805197
6.622638527583553 1.5792795677123102
8.073170492624284 0.9710591248507087
7.751334055627852 1.1602888733756516
7.238843745552875 1.4162616944767097
7.675671501651124 1.2119157948460595
8.009882251688609 1.018816249915717
8.043885765429094 0.986813620873678
7.614098122880782 1.242984373181068
7.504313468649061 1.291465506972726
6.415132404293891 1.6215659612057574
7.5224533780141885 1.280198160956188
7.664067187824329 1.217063646600763
7.828205761472488 1.1302814919538398
7.118450717615335 1.4298107066533885
8.084033834852661 0.9589671805491884
8.113099041003737 0.9374022762192858
6.929839950256549 1.5047924400624544
7.329522390518523 1.385113400745435
7.752497913243125 1.1679823317097213
6.849087937274243 1.5110886944198796
6.890946750517183 1.5117418801652742
7.758908265675733 1.149299759151638
7.848988018462345 1.1118461240553636
7.069161710118168 1.4507653709853663
6.139706803523032 1.669934772812564
7.5941917139320125 1.255838916152039
7.482955828544367 1.2994637049548252
7.35727560250034 1.362612489039898
7.914608314748132 1.0765975464327961
6.496655178720373 1.5991160104522517
7.442960759462224 1.3409046087529075
7.464482519674628 1.304379995095993
7.1184915974634775 1.4459368258506795
8.146863092192161 0.907121972348741
8.042224781821805 0.9819984832933754
7.759708273062465 1.166340678301804
7.155755685032527 1.4423491306374743
7.524649887816368 1.2831489801584586
6.982173067516806 1.4745119894164462
7.0476292242872125 1.4723345004746646
7.644009415502602 1.2248949277741232
7.152366848910774 1.4384409564924476
7.8968093985257575 1.0704162489173297
7.160691606342362 1.435575354582747
7.875295272381355 1.1016313273663119
8.005153876932031 1.0202127196450899
7.530749612317424 1.2891183032524074
7.051139207465317 1.4674872513536166
7.927581732646029 1.0701932066753652
7.668514616310207 1.2142362983980988
7.708743686929418 1.193733681733039
7.215479350435303 1.425359517175034
7.275810943731598 1.402260547392863
7.321333696258497 1.3598879730070488
7.608382561948279 1.2512354546655897
7.723785474884078 1.1743370955709957
7.372757739026604 1.3587411155994464
7.498235928694427 1.305330212291673
6.89174243751549 1.499383070518353
7.527588858596692 1.2983944920854271
7.83914881686622 1.1159243118793671
6.116770970292669 1.674351123510867
7.411126627628193 1.3283525914257786
7.471572575563974 1.307665647305343
7.46686799512922 1.3036640094185385
7.400828245251988 1.3323954971629612
6.90961212200782 1.4948390448905322
6.406855503376174 1.6191535745054482
7.795335273455236 1.1464890390808467
7.240193890061672 1.4058010113917363
7.99104710733905 1.0142885059303277
7.054227309911657 1.4523235178565719
6.8984992461306955 1.503329556385245
7.559758477297104 1.2630107879426333
7.3567991626356175 1.3750856784074972
7.6274307659504945 1.2380447896577707
7.12758435102169 1.4482658520769458
7.184623410721605 1.4084877651172278
6.741584005309985 1.541675215637057
7.870733797863023 1.1057437287422178
8.179698813149583 0.8764587979781009
7.728692487813158 1.181389676226385
7.109013225086836 1.4362037919102697
7.628004974996685 1.2356328963501142
7.397123562278332 1.3406045389048036
7.380978445502251 1.3532886801048196
8.032036900805439 1.0028005964622793
6.849792787805077 1.5146614001859509
7.596180380450706 1.2493685589449985
7.617499505686721 1.2381831135922952
7.517640576091846 1.2988227134288928
7.744423075331236 1.156654010893537
7.729074723112499 1.1836124855710213
7.262533449550909 1.3876349695871546
7.247905831257694 1.398054172210378
7.764764388873601 1.1652566322319815
7.525309151402594 1.2880705755641901
7.413749644759187 1.3545260078304437
6.08867350709833 1.6786546520579304
6.823479451862296 1.525788807341034
8.004751296881233 1.0182974607918618
7.6988417006105365 1.1966295898039583
6.367351865351869 1.6286514272253962
7.105725327799462 1.4354089225167561
7.903524478516472 1.0809799467922423
7.2816892515333285 1.4009336997699577
7.737377806946448 1.1790103518132518
7.864453373784745 1.110800504805718
6.281173445226599 1.644175220559228
6.667866977641334 1.5639636469821692
7.596137688614677 1.2573074742758892
6.6724145138155215 1.5601974086889143
7.519480561719285 1.2941108728799164
7.535915310063738 1.2936362338470417
6.579796250643329 1.5811713666717022
6.010350103802563 1.6913025727826172
7.9686261744199705 1.0381648564569226
7.209452892420697 1.399295319984532
8.00153815408059 1.0241781373322942
7.357904069331719 1.356234692718254
6.4389223549194545 1.6140396273369435
8.03451176045323 0.993852902131724
7.603372816038675 1.2486081294071947
8.040026335779636 0.996551494207283
7.933220597667767 1.0690530897143973
7.379844276447969 1.357271469132603
7.881766779344772 1.0804230794689336
7.286367231260549 1.3753858371998973
7.284494441609387 1.3735306440419286
7.593438862871877 1.2483533164651377
7.461002855385758 1.3278381385835654
7.554436261599836 1.2815592300422383
8.034698784872594 1.0007405664202262
7.632088681165766 1.2328497132324183
7.265202050375567 1.3945975821904888
7.395531582043373 1.3620271736563736
8.018609410743561 1.0005161278707382
7.261208021859603 1.4035380718843946
7.57136304618638 1.272334789506808
7.146359639542082 1.4278976358878095
6.85410838236262 1.5118028169819402
7.501629605655696 1.299069765518234
7.560829538270989 1.2650747497177548
6.435006057332084 1.6179351177993573
7.156969796902242 1.4187047031910447
7.434716083136209 1.3396480137412634
7.322333128262398 1.3885127513145392
7.209841189166994 1.4029979155749528
7.112329918390391 1.4319209145325424
7.973486546867101 1.0248872107934583
7.858756616626644 1.0907738273516534
7.513518940656236 1.284762846449034
7.298053765472619 1.3973231245750612
7.648828241738384 1.2082230232308906
7.948473400098097 1.0579118372719227
7.803080514364006 1.1448325257314649
8.001163297020387 1.0225521280974608
8.003789354803402 1.02137458692805
7.781436026146126 1.1434665529038013
7.624123912239155 1.2419233763867599
7.442770521518856 1.3145909565391947
8.081254698947252 0.9648886638093583
7.105521046625059 1.435932694319772
7.980638171453886 1.0297693698423744
7.0866638245346305 1.450064342432866
7.381094867314189 1.3588552917702152
7.30700057487591 1.3649204623035327
7.990428674952519 1.0140895854264362
6.68780392612495 1.5593490584169871
7.4638827413963424 1.3283409221429916
8.027676599189757 1.0047784296880948
7.42309805437075 1.3417232008977102
8.085594818685758 0.9613167505266766
7.652850069720253 1.2072936225212665
7.579693869866326 1.2670869683175967
6.767009701565193 1.54540149697387
6.598888386123083 1.5779467517547912
7.733707994001303 1.181078609402937
7.359983723835311 1.3697002368429911
8.004389839375166 1.011622883707328
7.207775966920603 1.4250443586306267
6.684201495709239 1.5553113050161442
7.441472949422157 1.3196132401812104
6.336877192965512 1.6329846594521653
7.808168521878522 1.1415250004676838
8.055665387650494 0.9849927580568273
7.459267487534097 1.3316688278465472
7.891308323476193 1.0945644187917403
6.9623674538360145 1.497491084895068
7.017787145100447 1.4791208284673036
7.075978698202631 1.4441577168717725
7.795781464408233 1.1433228665565158
7.141314356223542 1.429868698355743
6.898211227077951 1.497314837633874
8.043912326525287 0.9857772340531475
7.675732593853652 1.2071090315613644
5.915766500209037 1.7054015019813913
6.1763245862400495 1.6634527660154663
7.307049815329043 1.377345941354693
6.249304486368912 1.6502035932781551
7.140268752974522 1.4521757774356197
7.673720030758506 1.2133245317238996
6.7389049059428325 1.5473934976632204
7.850032192896623 1.106805026992352
6.3005317283957885 1.640279430928208
7.576161779229851 1.2561861163441619
7.7776288702883045 1.157069226441292
7.451214334640121 1.331950967281204
7.656010551869787 1.221027352180291
7.7338977913205085 1.164388584445506
7.1279106742215825 1.4269727745155307
7.110698045194417 1.4471194304937374
7.253593739520961 1.4011357791525698
7.806191715721582 1.1407441212969873
7.683563073800166 1.1910678448204386
7.56291188632513 1.2767735917268475
7.8594116044541416 1.1042531540221403
7.49142363536425 1.311731682668073
7.252952578894271 1.3853971838031147
7.44430409320194 1.3190733063051674
7.164785289873188 1.4403735961964588
7.875593711431474 1.1043464670036764
6.928864720071129 1.4886727678123883
7.196338263024564 1.403675477704325
8.125999476532257 0.9229427845777004
7.73105806385532 1.173924915491409
7.017258047794339 1.4734240670649001
7.189993329929129 1.4303822245953823
7.752773086465994 1.1677589570743325
7.444223464925004 1.3119437086631656
7.829058202860576 1.1050837769739346
8.001751272299602 1.0244154456431747
7.596628281245638 1.255783534361098
6.521784202283634 1.5946897535748252
7.217033528569196 1.42366411182592
5.812424976184517 1.7196881338973278
8.007126287422716 1.0098716670904575
8.072349699217087 0.9651860689173888
7.129911869055955 1.4553390510861428
7.563448837609816 1.268280995115815
7.24318803883145 1.388089489348212
7.6590730646003475 1.2184880589214244
7.576213752642441 1.2651596957465314
7.430840548132635 1.3206019674238918
7.792143495033409 1.1507581432178275
7.271158264149052 1.381221741125622
6.269298979138974 1.6483041296647691
6.784061329851651 1.5299409485701365
7.483482507571173 1.3191414494144644
7.43830840942187 1.3307927153898544
7.418782644963626 1.3225099203471808
6.909409990027238 1.4940511119899362
6.888803622342717 1.4999334439964558
7.8675729346913315 1.1080229295390422
7.677271557671615 1.2086342084743595
6.52296281008265 1.5939547596949262
7.132184413270344 1.4330374753118424
7.782737755497862 1.1538882583162264
7.704920640203161 1.194527691140055
6.5202700084152525 1.5979616946700295
7.7914297748264305 1.151187493558968
7.589382992234307 1.2624674055454976
6.721782543161546 1.5524016202445792
7.847566892509648 1.1192339760051335
7.4246329976655865 1.3202723807920638
7.250433017072361 1.3862170614543787
7.246279639757121 1.3887358091732525
7.562030903917438 1.2738345830375624
7.532657327345173 1.295169311044462
7.2984893522467615 1.3695689670548048
7.796464235832718 1.1437427915186016
7.815327465032382 1.138331958930064
7.12755097864537 1.4268039560932637
7.396904510907953 1.3302928104545109
8.067751588342446 0.9752111833330365
7.607565585319553 1.249573922538191
7.038104431232911 1.472333372571966
7.828038137659876 1.1173369949616498
7.516510008327714 1.303279956659115
6.6562032570614935 1.562592359994436
7.250283509325136 1.4030447256076997
7.993629097846978 1.0130826848062797
7.916932530807827 1.069118019198303
7.443017523089203 1.3265279246690336
8.054618584693571 0.9761055911304375
7.089358605848135 1.4586176965614228
7.703386514351481 1.1973695392868497
6.89836423716157 1.5130882389832543
6.996456898092037 1.4788489070119835
7.548226268146605 1.2853339913641522
7.731131661653 1.1813460117892134
7.99041911616085 1.0251839766509694
7.9675028351144555 1.0430260678404806
7.176737331986871 1.4226208268762297
7.540545237814067 1.276867639777132
6.726580527329697 1.54396463263419
7.519737260207029 1.2913377150531251
7.671513539383725 1.2141008664682793
7.392836388425915 1.335297363559209
7.585711989739852 1.2612264475320105
7.23577873498058 1.418777315457567
7.313974979711342 1.3903398015404453
7.885465315271741 1.0985440230742256
7.501379044904423 1.3003304967862888
6.620243615348223 1.5725487300578262
7.313902181590038 1.3816991138085475
7.955155589367366 1.0466028163198453
6.740451489884842 1.5433013200896246
7.263845485325862 1.3917387376712724
7.083298646678215 1.4411223280973564
7.749000895583612 1.1734535226918632
7.9946056089089765 1.0283472400944307
7.591323397391742 1.2489884360291827
7.844765130407826 1.0973570695137504
7.800701344647716 1.1462818170489726
6.307560693029187 1.6389866614417545
8.121660762026309 0.9317542313037848
6.203231358978116 1.6601770647150857
7.974000593575359 1.042940485364301
7.165261168121295 1.4225287613739825
7.692774271674771 1.2022591920014423
7.553451930976027 1.2775333098067079
7.556347523187157 1.2649200503701057
8.105554831032451 0.9441965180354988
7.842509768411145 1.12320630361584
6.460510632418441 1.6085669435917496
7.29468640353525 1.3902436318439506
7.648141472380845 1.2257049862861324
6.103660394992838 1.6763092347581365
6.661819123153834 1.5679564901104577
6.93708146220762 1.4874177269276154
6.676542388450884 1.5590738114802947
8.143166840658267 0.9124192842440562
7.591960948651824 1.2570824498022386
7.867547165314971 1.108889948730469
7.834437486443661 1.11812984773616
7.68118481864135 1.1965242650546766
7.548434464809648 1.2680861815197995
7.00478279971426 1.4809109810050662
6.003485956568042 1.692335365007708
6.981861200528418 1.4755267731619461
7.304820422197397 1.3877515251284755
7.496661428669799 1.2945761698512788
7.603136195946622 1.2538906972113
8.061902043459208 0.9808009217798536
8.032541782416892 0.9888094070374002
6.969197917911979 1.4809985979262958
7.512737750732428 1.2960148600781947
8.070657867818337 0.9707789864772839
7.70713423872111 1.1898873409918533
7.620941811860301 1.2437238355496478
6.490339486477959 1.6028162921625915
7.8383620268025425 1.1241667869473775
7.8420795809019355 1.1213145375422084
7.704644106020248 1.1927982210327188
7.566050613288277 1.2605860938170454
7.680869365123819 1.2079310273819468
7.5195513646931476 1.2932320740123753
7.753406190709286 1.156008114567902
7.774211633921475 1.1424497333745816
7.652915058899647 1.2242948429681313
7.5135072703993995 1.299702757568681
7.699835359978662 1.199121165802398
7.907741980062457 1.0822262617111662
6.938887632205245 1.5026504300332086
7.455505809712467 1.326714176664088
7.916986325086968 1.0737897615577972
7.735048802587107 1.1805819297874738
7.955442501221962 1.0361933578940483
7.91907782736535 1.0660516178444535
8.010357781839808 1.018446886905307
7.776209020363159 1.1518856931025119
7.510087588691593 1.307405033451456
6.784586225797154 1.5286781445211506
7.644654060313451 1.2293013988582777
8.030969139897014 1.0030309810729587
7.663012750768943 1.2053288882918611
8.167582045268619 0.888930620023816
7.622965595439433 1.2417779261572437
6.264752280442721 1.6474208018920347
6.753331210679033 1.5497682314199857
7.5820532151981 1.2534196206440067
7.331744226879055 1.3828636431459655
8.007918919867668 1.00956764833754
7.561063758626929 1.2791561692547815
8.002471501598576 1.0050812467134715
7.783191341490767 1.1343264446070316
7.939063759169515 1.060899201378497
6.527583101171817 1.5923572556942822
7.210004158341823 1.4011147291177855
7.11958176933061 1.4293994030035158
7.570713710780196 1.2639017638519057
6.809948507190852 1.5219907816107943
6.952582685578408 1.4861869697367653
7.155629781323739 1.4178637325351322
7.912903142625427 1.0800886238551644
7.659126683405039 1.2216430584217435
7.716775321080625 1.187432406304073
6.923494201537696 1.5046977006742515
7.195378493810146 1.413303956529601
6.831137725873797 1.5319614929636127
7.516288003172984 1.3039638295805107
7.850842201746485 1.1002745771934093
6.517586638086698 1.5944456538501135
6.413216918380594 1.6174724014457948
7.593366865250732 1.248307318272933
7.73653208221451 1.177709666021618
7.644683808836839 1.2300822821707027
7.59167069416533 1.250829086430743
7.2615384906576965 1.4091060371802386
7.986800659120598 1.0330979502829876
6.6823945493848385 1.559904553185196
8.072181311368976 0.9702742314403133
7.644816150797321 1.2250407093828715
7.794734584279204 1.1417931806613781
6.67707127817608 1.5588860912987386
7.5364303751642785 1.2928423360045755
7.360692117639817 1.354404272878202
7.4660178810912114 1.31772826889207
6.448864297832398 1.6121795089068953
6.7577636562529 1.5411377920858473
7.760626591777789 1.1497266322347013
7.15642154880449 1.4183833005865751
6.723043558446249 1.545110790806207
7.671502742660273 1.2144139371248712
7.627656809215202 1.2255155904793429
7.707183022022563 1.1912023530462528
6.423851156119631 1.6156226608849793
7.499866900484718 1.2914427704055844
7.90021568836471 1.0678393965698636
7.582297439360335 1.2550211581596906
6.311683240916531 1.6385116295105506
7.205741035690984 1.4032995662550045
6.464336526240628 1.607612168222944
8.037715040109967 0.9932959135240604
6.8962573074716245 1.5034710877464748
7.655712748186814 1.223229723186682
7.3246345083123785 1.3673683839246238
7.703979952085796 1.1965754164668383
7.925213149761736 1.070513003888612
7.302367360739625 1.3987537089785347
7.836663947204096 1.107511619471916
7.583221140498016 1.2552465824084604
7.705543454767027 1.1946845438133662
7.670187642628308 1.2144905440517804
7.962371063661672 1.0405166606716956
7.877396676279896 1.0871489056461985
7.491538901119772 1.3026561149843963
6.565460029187445 1.5847374210837957
7.720984684566337 1.187925723295613
7.7112485820270456 1.190406900620652
7.25495625302388 1.3901358418227963
7.818230236957595 1.1334416321621845
7.218155254686566 1.4039072687358325
6.864250596261587 1.5070227563040943
7.24935781329584 1.3853277603459269
7.317794652888839 1.3653913368518757
8.063408357429644 0.9764983064704389
7.841032263741001 1.1237800008553402
7.7128114470411235 1.1894475448263746
8.081525608025908 0.9639714730648674
7.66866727762844 1.2160307211383592
7.923510903686917 1.0740279272307045
6.678819814763929 1.5581985763822903
7.874958907756073 1.089022845703768
7.906343201051614 1.0836110788862057
7.382807514075712 1.3363067338684107
7.92153964819917 1.074317312175638
7.854189643247475 1.1166819650106992
7.6908095740029765 1.2040879738949195
6.866918902926851 1.50798077861339
7.807498376503593 1.1416382261209073
7.607348313870068 1.2450181328352365
6.733299661291995 1.5422072498611412
7.823098839801933 1.1122203376902864
7.207504335701091 1.4002930592527763
7.313494977889375 1.3623613895083668
7.519844878296651 1.2990675794366184
6.9153511009144335 1.4924600798779537
7.407300984058801 1.3470199925500912
7.540043958678195 1.2715680283173774
6.30159617391149 1.6400023320874961
6.697551162721603 1.5554969515908195
6.903674034545048 1.499177038793349
7.093986760338206 1.4473721349510613
8.035886983932368 0.989869500129745
7.777723712498198 1.1507134723697308
7.551780047978102 1.2695089150029242
7.378745433226235 1.3606470309972445
7.619996316039462 1.2330203599123135
6.840669922531691 1.5259649821294177
6.0692537038992835 1.6818041445569938
7.419912737561634 1.3481238293659135
7.659574672333571 1.2019691490095659
7.558561809308948 1.2690004946741231
7.670378328288048 1.2045871296058153
5.891922579148574 1.7086997610616197
8.110150332478725 0.9417155295376873
7.884580442827196 1.0971654003061202
7.4727166553040165 1.3036351084070337
6.681413565828003 1.564715103368256
7.822634559332281 1.131915564980074
6.064756108363073 1.6827782880388322
7.610606672959549 1.2436964623529962
7.304449804286209 1.3686159751685616
7.379694174484609 1.3640647934633647
7.916511827661027 1.0711863708969778
7.149761129647211 1.4194928816974135
7.546732800440324 1.2820504247838722
8.027987579885087 1.0056843768731196
7.8347363656273155 1.1276015247996478
7.097498307287009 1.4456682964881313
6.97206518806678 1.4854997512500894
7.9334042876049224 1.050943102116241
7.533215479629481 1.2776749029094572
7.724532767624451 1.1860716522575883
7.939730076779865 1.0653391664050091
6.703055820634396 1.5523095120604224
7.427014387037222 1.3435910172031984
7.568588419878156 1.2673781414916663
6.203604117372194 1.6601451561203848
6.477361280760244 1.6053452492097096
7.6515908782315645 1.2261007907685126
7.598250444774132 1.257187907306528
7.45162777045655 1.3085766270761525
8.024026257281342 1.001867962024621
7.855430569009257 1.0898176035206628
7.219780963251978 1.406070512736567
6.992098633966339 1.4823348542969939
7.85386531795515 1.1067258354455332
7.991951537873349 1.0262839440196898
7.650080217671183 1.222262942442079
7.356247772283533 1.350292408832817
7.615146837658771 1.239861184020371
7.705079289416262 1.1766331750266394
7.754751509398847 1.164630875984073
7.9414993420728015 1.0642363751225212
8.129589833280475 0.9241361566244095
6.224771402127791 1.6561501045290874
7.5517746996845965 1.283282384723816
7.922727167827401 1.0614075105682264
7.307791994642427 1.3850022153618062
7.926015219722142 1.059804053958323
6.921875575664847 1.4979676228811385
7.923722584995867 1.0626779709986187
6.718985468756003 1.548256701994834
7.439026704564396 1.3160804797550791
7.67412705068717 1.2111427647604769
7.7365196318143115 1.1683327343547285
6.602667300446542 1.5763853457343944
7.587351042780399 1.2596744677541347
7.935820259913806 1.0678155366667292
7.3869365956271995 1.363116644037344
7.699062674958514 1.194692983748079
6.989225740747235 1.470858838009386
7.627859128203581 1.2392400299911623
7.739156276755332 1.1781419226762955
7.237298023146453 1.39268386306125
7.390051386961998 1.3608189188810276
7.048500516045504 1.45343060174019
7.916619047929296 1.0738573728819418
7.631626817119185 1.2324687842421587
7.572488135536676 1.2706442854914506
7.447972125303758 1.3315273179571396
7.552433329577852 1.283815629208641
8.017109709815003 1.01323809570997
7.713946903446672 1.191237475687948
7.023912499377818 1.4763392092939132
6.635162349023605 1.5690684320335289
7.214582988435775 1.4006504593696067
7.2700755758483036 1.3897095994409234
7.581008641684169 1.2653311211374836
6.945366908151868 1.4888915438300372
6.555520576384404 1.5875993416908847
7.212872993414091 1.4266802177402202
7.530943150459085 1.2799293981661237
7.709020911776807 1.1862400160630606
7.933352033403373 1.062661737670586
7.579189455328454 1.2683637033041
8.090622423687279 0.9580332052613842
6.926760332364635 1.4952666575091549
6.851321078255706 1.5146257104058383
7.817960330018845 1.1361481163697986
7.773508483887072 1.1603204098221023
7.4396767485892354 1.3157814184731866
7.104024969091316 1.4345331592123185
7.8524238282623635 1.1173790084375366
8.106417048680045 0.9394097193607098
7.817933186070858 1.1365130978944276
7.008701223655108 1.4718545515647143
7.54968951039719 1.2854634184695781
7.009623181646571 1.466133064920623
8.015159747859093 1.015010061803838
7.217995932117412 1.399621161130379
7.45414465098948 1.3096221822476266
6.700453053486513 1.5550491771632928
7.2735665438423585 1.3819702199846255
