#      PC            ROC          NC         R(KM)       M/MSOL       A(E58)     MPROP/MSOL     I(E45)      y(R)       k2 (Love)       Lambda
  0.100000E+34 0.169976E+15 0.100331      246.563     0.928934E-01 0.110669E-01 0.937669E-01 0.282798      1.99781     0.329276E-03 0.411632E+13
  0.105925E+34 0.173810E+15 0.102578      168.116     0.930623E-01 0.110871E-01 0.939719E-01 0.142780      1.99922     0.240457E-03 0.438990E+12
  0.112202E+34 0.177731E+15 0.104876      125.062     0.938422E-01 0.111807E-01 0.947922E-01 0.978236E-01  2.00020     0.200448E-03 0.799614E+11
  0.118850E+34 0.181740E+15 0.107225      98.3460     0.950241E-01 0.113225E-01 0.960190E-01 0.785617E-01  2.00102     0.182466E-03 0.205604E+11
  0.125893E+34 0.185840E+15 0.109627      80.3839     0.965179E-01 0.115018E-01 0.975623E-01 0.687918E-01  2.00176     0.177878E-03 0.676336E+10
  0.133352E+34 0.189903E+15 0.112004      67.5958     0.982798E-01 0.117133E-01 0.993785E-01 0.633209E-01  2.00245     0.184450E-03 0.269395E+10
  0.141254E+34 0.194031E+15 0.114419      58.0922     0.100289     0.119547E-01 0.101447     0.601092E-01  2.00306     0.203115E-03 0.125690E+10
  0.149624E+34 0.198248E+15 0.116885      50.8051     0.102531     0.122241E-01 0.103755     0.582351E-01  2.00359     0.236882E-03 0.671461E+09
  0.158489E+34 0.202557E+15 0.119405      45.0769     0.104999     0.125208E-01 0.106294     0.572300E-01  2.00396     0.290424E-03 0.401899E+09
  0.167880E+34 0.206937E+15 0.121963      40.4813     0.107687     0.128441E-01 0.109059     0.568363E-01  2.00413     0.369891E-03 0.263494E+09
  0.177828E+34 0.211404E+15 0.124571      36.7308     0.110594     0.131939E-01 0.112051     0.569032E-01  2.00402     0.482796E-03 0.185137E+09
  0.188365E+34 0.215968E+15 0.127235      33.6264     0.113719     0.135702E-01 0.115268     0.573389E-01  2.00353     0.637805E-03 0.136822E+09
  0.199526E+34 0.220630E+15 0.129956      31.0258     0.117064     0.139730E-01 0.118713     0.580845E-01  2.00255     0.844554E-03 0.104802E+09
  0.211349E+34 0.225226E+15 0.132630      28.8215     0.120633     0.144033E-01 0.122390     0.591040E-01  2.00098     0.111384E-02 0.822841E+08
  0.223872E+34 0.229914E+15 0.135357      26.9345     0.124436     0.148619E-01 0.126311     0.603763E-01  1.99869     0.145735E-02 0.657088E+08
  0.237137E+34 0.234701E+15 0.138141      25.3071     0.128476     0.153495E-01 0.130479     0.618868E-01  1.99556     0.188683E-02 0.530985E+08
  0.251189E+34 0.239587E+15 0.140982      23.8943     0.132757     0.158666E-01 0.134899     0.636266E-01  1.99144     0.241407E-02 0.432689E+08
  0.266073E+34 0.244574E+15 0.143881      22.6604     0.137283     0.164137E-01 0.139577     0.655905E-01  1.98622     0.305057E-02 0.354707E+08
  0.281838E+34 0.249666E+15 0.146839      21.5771     0.142060     0.169915E-01 0.144517     0.677764E-01  1.97977     0.380729E-02 0.292046E+08
  0.298538E+34 0.254863E+15 0.149859      20.6213     0.147093     0.176007E-01 0.149727     0.701847E-01  1.97197     0.469434E-02 0.241227E+08
  0.316228E+34 0.260169E+15 0.152941      19.7743     0.152387     0.182420E-01 0.155212     0.728175E-01  1.96273     0.572074E-02 0.199734E+08
  0.334965E+34 0.265585E+15 0.156086      19.0207     0.157947     0.189163E-01 0.160980     0.756782E-01  1.95194     0.689417E-02 0.165686E+08
  0.354813E+34 0.271114E+15 0.159295      18.3478     0.163781     0.196244E-01 0.167038     0.787718E-01  1.93955     0.822084E-02 0.137642E+08
  0.375837E+34 0.276593E+15 0.162462      17.7445     0.169900     0.203678E-01 0.173399     0.821077E-01  1.92547     0.970667E-02 0.114460E+08
  0.398107E+34 0.282135E+15 0.165662      17.2013     0.176324     0.211490E-01 0.180085     0.857018E-01  1.90965     0.113580E-01 0.952327E+07
  0.421696E+34 0.287789E+15 0.168924      16.7111     0.183061     0.219692E-01 0.187106     0.895645E-01  1.89205     0.131770E-01 0.792685E+07
  0.446684E+34 0.293555E+15 0.172250      16.2679     0.190119     0.228294E-01 0.194471     0.937067E-01  1.87266     0.151635E-01 0.660042E+07
  0.473151E+34 0.299438E+15 0.175642      15.8666     0.197507     0.237309E-01 0.202192     0.981397E-01  1.85151     0.173159E-01 0.549769E+07
  0.501187E+34 0.305438E+15 0.179101      15.5025     0.205234     0.246747E-01 0.210278     0.102876      1.82864     0.196301E-01 0.458051E+07
  0.530884E+34 0.311559E+15 0.182628      15.1717     0.213309     0.256623E-01 0.218741     0.107927      1.80409     0.221007E-01 0.381739E+07
  0.562341E+34 0.317802E+15 0.186224      14.8708     0.221740     0.266949E-01 0.227592     0.113309      1.77794     0.247202E-01 0.318224E+07
  0.595662E+34 0.324170E+15 0.189891      14.5967     0.230538     0.277738E-01 0.236842     0.119033      1.75028     0.274794E-01 0.265346E+07
  0.630957E+34 0.330582E+15 0.193560      14.3468     0.239715     0.289008E-01 0.246509     0.125119      1.72122     0.303693E-01 0.221294E+07
  0.668344E+34 0.337117E+15 0.197297      14.1187     0.249288     0.300780E-01 0.256610     0.131587      1.69083     0.333795E-01 0.184578E+07
  0.707946E+34 0.343782E+15 0.201106      13.9103     0.259265     0.313069E-01 0.267157     0.138453      1.65925     0.364972E-01 0.153976E+07
  0.749894E+34 0.350579E+15 0.204989      13.7199     0.269658     0.325889E-01 0.278164     0.145736      1.62662     0.397081E-01 0.128469E+07
  0.794328E+34 0.357510E+15 0.208947      13.5458     0.280476     0.339255E-01 0.289645     0.153455      1.59306     0.429974E-01 0.107208E+07
  0.841395E+34 0.364579E+15 0.212981      13.3868     0.291730     0.353183E-01 0.301614     0.161627      1.55873     0.463494E-01  894853.    
  0.891251E+34 0.371787E+15 0.217093      13.2414     0.303431     0.367690E-01 0.314085     0.170273      1.52375     0.497479E-01  747098.    
  0.944061E+34 0.379137E+15 0.221275      13.1085     0.315588     0.382790E-01 0.327071     0.179414      1.48828     0.531763E-01  623899.    
  0.100000E+35 0.386634E+15 0.225517      12.9871     0.328212     0.398500E-01 0.340588     0.189069      1.45244     0.566178E-01  521160.    
  0.105925E+35 0.394279E+15 0.229840      12.8762     0.341314     0.414835E-01 0.354650     0.199261      1.41638     0.600557E-01  435469.    
  0.112202E+35 0.402075E+15 0.234245      12.7750     0.354903     0.431812E-01 0.369272     0.210010      1.38021     0.634733E-01  363981.    
  0.118850E+35 0.410025E+15 0.238736      12.6827     0.368990     0.449447E-01 0.384469     0.221340      1.34407     0.668541E-01  304330.    
  0.125893E+35 0.418132E+15 0.243312      12.5985     0.383583     0.467756E-01 0.400255     0.233273      1.30807     0.701824E-01  254545.    
  0.133352E+35 0.426399E+15 0.247976      12.5219     0.398694     0.486755E-01 0.416646     0.245831      1.27231     0.734426E-01  212982.    
  0.141254E+35 0.434867E+15 0.252727      12.4523     0.414328     0.506459E-01 0.433655     0.259037      1.23689     0.766195E-01  178277.    
  0.149624E+35 0.443530E+15 0.257567      12.3890     0.430489     0.526875E-01 0.451289     0.272908      1.20193     0.796979E-01  149298.    
  0.158489E+35 0.452365E+15 0.262501      12.3316     0.447183     0.548018E-01 0.469563     0.287465      1.16750     0.826641E-01  125092.    
  0.167880E+35 0.461377E+15 0.267529      12.2797     0.464419     0.569901E-01 0.488489     0.302730      1.13368     0.855061E-01  104862.    
  0.177828E+35 0.470568E+15 0.272653      12.2327     0.482203     0.592539E-01 0.508084     0.318726      1.10054     0.882125E-01  87948.1    
  0.188365E+35 0.479942E+15 0.277875      12.1903     0.500541     0.615946E-01 0.528359     0.335475      1.06812     0.907730E-01  73800.8    
  0.199526E+35 0.489568E+15 0.283204      12.1521     0.519437     0.640134E-01 0.549325     0.352997      1.03650     0.931778E-01  61963.4    
  0.211349E+35 0.499431E+15 0.288639      12.1177     0.538884     0.665098E-01 0.570982     0.371300      1.00573     0.954171E-01  52058.7    
  0.223872E+35 0.509492E+15 0.294180      12.0869     0.558884     0.690848E-01 0.593340     0.390401     0.975845     0.974837E-01  43766.0    
  0.237137E+35 0.519756E+15 0.299826      12.0593     0.579440     0.717395E-01 0.616412     0.410318     0.946885     0.993716E-01  36818.4    
  0.251189E+35 0.530227E+15 0.305581      12.0346     0.600555     0.744750E-01 0.640206     0.431070     0.918870     0.101076      30994.3    
  0.266073E+35 0.540944E+15 0.311451      12.0126     0.622228     0.772919E-01 0.664734     0.452672     0.891821     0.102593      26108.9    
  0.281838E+35 0.551986E+15 0.317448      11.9929     0.644445     0.801892E-01 0.689986     0.475123     0.865773     0.103919      22010.6    
  0.298538E+35 0.563254E+15 0.323561      11.9755     0.667198     0.831667E-01 0.715965     0.498429     0.840746     0.105052      18570.6    
  0.316228E+35 0.574752E+15 0.329792      11.9599     0.690485     0.862248E-01 0.742678     0.522598     0.816747     0.105991      15680.8    
  0.334965E+35 0.586485E+15 0.336143      11.9460     0.714301     0.893637E-01 0.770129     0.547639     0.793778     0.106736      13251.2    
  0.354813E+35 0.598528E+15 0.342627      11.9336     0.738640     0.925836E-01 0.798321     0.573557     0.771842     0.107289      11207.1    
  0.375837E+35 0.610928E+15 0.349252      11.9226     0.763475     0.958817E-01 0.827236     0.600333     0.750957     0.107652      9487.16    
  0.398107E+35 0.623584E+15 0.356006      11.9126     0.788793     0.992572E-01 0.856869     0.627961     0.731127     0.107827      8038.69    
  0.421696E+35 0.636503E+15 0.362890      11.9036     0.814584     0.102710     0.887221     0.656437     0.712344     0.107818      6817.69    
  0.446684E+35 0.649689E+15 0.369907      11.8953     0.840838     0.106239     0.918291     0.685758     0.694600     0.107630      5787.49    
  0.473151E+35 0.663354E+15 0.377090      11.8877     0.867528     0.109842     0.950060     0.715897     0.677898     0.107268      4917.86    
  0.501187E+35 0.677309E+15 0.384412      11.8805     0.894624     0.113515     0.982505     0.746824     0.662242     0.106738      4183.35    
  0.530884E+35 0.691558E+15 0.391877      11.8736     0.922110     0.117258      1.01562     0.778521     0.647622     0.106046      3562.28    
  0.562341E+35 0.706107E+15 0.399486      11.8669     0.949970     0.121070      1.04940     0.810970     0.634025     0.105200      3036.56    
  0.595662E+35 0.721182E+15 0.407273      11.8602     0.978171     0.124946      1.08382     0.844133     0.621448     0.104207      2591.27    
  0.630957E+35 0.736596E+15 0.415214      11.8534      1.00668     0.128882      1.11884     0.877956     0.609894     0.103075      2213.88    
  0.668344E+35 0.752340E+15 0.423309      11.8464      1.03546     0.132877      1.15446     0.912409     0.599351     0.101812      1893.63    
  0.707946E+35 0.768469E+15 0.431569      11.8391      1.06451     0.136927      1.19065     0.947459     0.589806     0.100426      1621.56    
  0.749894E+35 0.785161E+15 0.440017      11.8314      1.09376     0.141028      1.22737     0.983038     0.581260     0.989269E-01  1390.29    
  0.794328E+35 0.802215E+15 0.448630      11.8231      1.12320     0.145175      1.26460      1.01909     0.573708     0.973232E-01  1193.52    
  0.841395E+35 0.819641E+15 0.457412      11.8142      1.15278     0.149365      1.30231      1.05556     0.567141     0.956235E-01  1025.87    
  0.891251E+35 0.837649E+15 0.466388      11.8046      1.18247     0.153594      1.34047      1.09240     0.561549     0.938370E-01  882.884    
  0.944061E+35 0.856140E+15 0.475550      11.7942      1.21223     0.157855      1.37902      1.12952     0.556936     0.919730E-01  760.860    
  0.100000E+36 0.875039E+15 0.484891      11.7829      1.24202     0.162144      1.41795      1.16687     0.553293     0.900400E-01  656.577    
  0.105925E+36 0.894509E+15 0.494435      11.7706      1.27181     0.166457      1.45721      1.20437     0.550613     0.880466E-01  567.343    
  0.112202E+36 0.914597E+15 0.504189      11.7574      1.30153     0.170786      1.49675      1.24193     0.548896     0.860023E-01  490.938    
  0.118850E+36 0.935136E+15 0.514135      11.7431      1.33116     0.175126      1.53654      1.27947     0.548141     0.839149E-01  425.429    
  0.125893E+36 0.956279E+15 0.524289      11.7276      1.36066     0.179473      1.57652      1.31693     0.548340     0.817923E-01  369.182    
  0.133352E+36 0.978101E+15 0.534661      11.7109      1.38998     0.183818      1.61665      1.35420     0.549494     0.796430E-01  320.852    
  0.141254E+36 0.100042E+16 0.545238      11.6930      1.41907     0.188156      1.65689      1.39120     0.551602     0.774743E-01  279.264    
  0.149624E+36 0.102347E+16 0.556044      11.6739      1.44790     0.192483      1.69718      1.42787     0.554661     0.752932E-01  243.427    
  0.158489E+36 0.104722E+16 0.567080      11.6534      1.47642     0.196789      1.73747      1.46408     0.558671     0.731071E-01  212.522    
  0.167880E+36 0.107152E+16 0.578335      11.6315      1.50459     0.201070      1.77771      1.49976     0.563632     0.709221E-01  185.828    
  0.177828E+36 0.109674E+16 0.589844      11.6083      1.53237     0.205318      1.81786      1.53482     0.569543     0.687444E-01  162.742    
  0.188365E+36 0.112262E+16 0.601588      11.5837      1.55972     0.209526      1.85785      1.56917     0.576407     0.665800E-01  142.756    
  0.199526E+36 0.114925E+16 0.613575      11.5577      1.58660     0.213689      1.89764      1.60273     0.584223     0.644336E-01  125.424    
  0.211349E+36 0.117682E+16 0.625826      11.5303      1.61296     0.217799      1.93716      1.63539     0.592991     0.623109E-01  110.380    
  0.223872E+36 0.120506E+16 0.638322      11.5015      1.63877     0.221850      1.97637      1.66709     0.602715     0.602157E-01  97.3011    
  0.237137E+36 0.123439E+16 0.651096      11.4712      1.66400     0.225835      2.01523      1.69774     0.613394     0.581523E-01  85.9155    
  0.251189E+36 0.126450E+16 0.664131      11.4394      1.68861     0.229748      2.05366      1.72726     0.625029     0.561245E-01  75.9923    
  0.266073E+36 0.129563E+16 0.677446      11.4063      1.71256     0.233583      2.09162      1.75558     0.637622     0.541353E-01  67.3291    
  0.281838E+36 0.132777E+16 0.691043      11.3717      1.73583     0.237332      2.12907      1.78262     0.651172     0.521879E-01  59.7581    
  0.298538E+36 0.136095E+16 0.704931      11.3357      1.75839     0.240992      2.16595      1.80831     0.665680     0.502844E-01  53.1304    
  0.316228E+36 0.139546E+16 0.719130      11.2984      1.78019     0.244553      2.20219      1.83259     0.681145     0.484278E-01  47.3233    
  0.334965E+36 0.143083E+16 0.733614      11.2596      1.80122     0.248010      2.23776      1.85538     0.697569     0.466195E-01  42.2267    
  0.354813E+36 0.146711E+16 0.748391      11.2196      1.82147     0.251362      2.27263      1.87666     0.714953     0.448601E-01  37.7451    
  0.375837E+36 0.150522E+16 0.763520      11.1782      1.84091     0.254601      2.30675      1.89639     0.733286     0.431513E-01  33.7996    
  0.398107E+36 0.154443E+16 0.778961      11.1355      1.85952     0.257721      2.34007      1.91450     0.752566     0.414946E-01  30.3228    
  0.421696E+36 0.158466E+16 0.794715      11.0915      1.87728     0.260720      2.37255      1.93097     0.772792     0.398899E-01  27.2529    
  0.446684E+36 0.162670E+16 0.810831      11.0464      1.89418     0.263594      2.40417      1.94578     0.793955     0.383373E-01  24.5381    
  0.473151E+36 0.167023E+16 0.827297      11.0000      1.91021     0.266336      2.43486      1.95889     0.816042     0.368380E-01  22.1356    
  0.501187E+36 0.171494E+16 0.844096      10.9525      1.92536     0.268945      2.46462      1.97029     0.839051     0.353911E-01  20.0053    
  0.530884E+36 0.176164E+16 0.861281      10.9040      1.93963     0.271417      2.49341      1.97997     0.862969     0.339961E-01  18.1134    
  0.562341E+36 0.181005E+16 0.878839      10.8544      1.95299     0.273749      2.52118      1.98793     0.887774     0.326535E-01  16.4318    
  0.595662E+36 0.185979E+16 0.896756      10.8037      1.96546     0.275939      2.54794      1.99415     0.913462     0.313620E-01  14.9342    
  0.630957E+36 0.191201E+16 0.915097      10.7521      1.97704     0.277984      2.57364      1.99867     0.940009     0.301209E-01  13.5987    
  0.668344E+36 0.196594E+16 0.933826      10.6997      1.98772     0.279883      2.59827      2.00148     0.967391     0.289297E-01  12.4066    
  0.707946E+36 0.202162E+16 0.952951      10.6463      1.99751     0.281634      2.62181      2.00261     0.995596     0.277869E-01  11.3403    
  0.749894E+36 0.208012E+16 0.972533      10.5922      2.00642     0.283237      2.64425      2.00208      1.02459     0.266919E-01  10.3856    
  0.794328E+36 0.214032E+16 0.992518      10.5373      2.01445     0.284690      2.66557      1.99991      1.05434     0.256434E-01  9.52970    
  0.841395E+36 0.220373E+16  1.01299      10.4817      2.02161     0.285993      2.68576      1.99616      1.08482     0.246402E-01  8.76111    
  0.891251E+36 0.226991E+16  1.03393      10.4255      2.02789     0.287144      2.70479      1.99082      1.11599     0.236818E-01  8.07077    
  0.944061E+36 0.233808E+16  1.05531      10.3687      2.03332     0.288144      2.72265      1.98395      1.14781     0.227664E-01  7.44954    
  0.100000E+37 0.240830E+16  1.07713      10.3114      2.03792     0.288994      2.73938      1.97559      1.18026     0.218922E-01  6.88935    
  0.105925E+37 0.248062E+16  1.09939      10.2536      2.04171     0.289699      2.75499      1.96583      1.21332     0.210573E-01  6.38322    
  0.112202E+37 0.255867E+16  1.12231      10.1953      2.04471     0.290259      2.76948      1.95472      1.24690     0.202611E-01  5.92571    
  0.118850E+37 0.263927E+16  1.14570      10.1367      2.04693     0.290674      2.78281      1.94229      1.28094     0.195029E-01  5.51207    
  0.125893E+37 0.272242E+16  1.16959      10.0778      2.04837     0.290946      2.79501      1.92860      1.31542     0.187807E-01  5.13739    
  0.133352E+37 0.280818E+16  1.19397      10.0187      2.04908     0.291079      2.80611      1.91373      1.35029     0.180929E-01  4.79733   
# 
#  0.141254E+37 0.289975E+16  1.21902      9.95928      2.04907     0.291077      2.81612      1.89774      1.38550     0.174382E-01  4.48839    
#  0.149624E+37 0.299533E+16  1.24465      9.89980      2.04836     0.290940      2.82503      1.88069      1.42094     0.168161E-01  4.20781    
#  0.158489E+37 0.309407E+16  1.27083      9.84022      2.04697     0.290671      2.83287      1.86264      1.45659     0.162249E-01  3.95257    
#  0.167880E+37 0.319606E+16  1.29755      9.78058      2.04493     0.290275      2.83965      1.84365      1.49239     0.156629E-01  3.71997    
#  0.177828E+37 0.330559E+16  1.32505      9.72097      2.04226     0.289757      2.84541      1.82381      1.52828     0.151293E-01  3.50788    
#  0.188365E+37 0.341930E+16  1.35316      9.66145      2.03898     0.289117      2.85014      1.80317      1.56415     0.146233E-01  3.31453    
#  0.199526E+37 0.353693E+16  1.38186      9.60205      2.03512     0.288360      2.85387      1.78179      1.59998     0.141433E-01  3.13801    
#  0.211349E+37 0.366045E+16  1.41127      9.54280      2.03070     0.287492      2.85665      1.75975      1.63570     0.136879E-01  2.97662    
#  0.223872E+37 0.379143E+16  1.44146      9.48380      2.02575     0.286516      2.85848      1.73711      1.67123     0.132567E-01  2.82915    
#  0.237137E+37 0.392710E+16  1.47230      9.42508      2.02028     0.285436      2.85938      1.71393      1.70649     0.128485E-01  2.69432    
