 #      PC            ROC          NC         R(KM)       M/MSOL       A(E58)     MPROP/MSOL     I(E45)      y(R)       k2 (Love)       Lambda
  0.316228E+35 0.472266E+15 0.272297      12.6243     0.849964     0.107228     0.922898     0.789728     0.613197     0.118645      8137.86    
  0.319890E+35 0.473560E+15 0.272994      12.6302     0.857172     0.108194     0.931289     0.800092     0.606909     0.118781      7828.67    
  0.323594E+35 0.474870E+15 0.273694      12.6362     0.864422     0.109166     0.939740     0.810570     0.600677     0.118905      7531.54    
  0.327341E+35 0.476187E+15 0.274395      12.6423     0.871716     0.110145     0.948251     0.821162     0.594501     0.119018      7246.02    
  0.331131E+35 0.477507E+15 0.275098      12.6485     0.879051     0.111131     0.956821     0.831870     0.588382     0.119118      6971.63    
  0.334965E+35 0.478830E+15 0.275802      12.6548     0.886429     0.112123     0.965451     0.842693     0.582318     0.119207      6707.93    
  0.338844E+35 0.480158E+15 0.276509      12.6611     0.893849     0.113122     0.974141     0.853633     0.576310     0.119285      6454.50    
  0.342768E+35 0.481489E+15 0.277217      12.6676     0.901312     0.114128     0.982892     0.864689     0.570359     0.119350      6210.92    
  0.346737E+35 0.482823E+15 0.277927      12.6741     0.908817     0.115140     0.991702     0.875864     0.564463     0.119404      5976.80    
  0.350752E+35 0.484162E+15 0.278639      12.6808     0.916363     0.116159      1.00057     0.887156     0.558623     0.119447      5751.76    
  0.354813E+35 0.485504E+15 0.279353      12.6875     0.923952     0.117185      1.00950     0.898568     0.552840     0.119478      5535.45    
  0.358922E+35 0.486850E+15 0.280069      12.6943     0.931582     0.118218      1.01849     0.910099     0.547112     0.119497      5327.52    
  0.363078E+35 0.488199E+15 0.280786      12.7011     0.939255     0.119257      1.02755     0.921751     0.541440     0.119505      5127.63    
  0.367282E+35 0.489553E+15 0.281506      12.7081     0.946969     0.120303      1.03666     0.933523     0.535824     0.119502      4935.47    
  0.371535E+35 0.490910E+15 0.282227      12.7151     0.954724     0.121356      1.04583     0.945417     0.530263     0.119487      4750.73    
  0.375837E+35 0.492271E+15 0.282950      12.7221     0.962521     0.122416      1.05507     0.957432     0.524759     0.119461      4573.11    
  0.380189E+35 0.493635E+15 0.283675      12.7293     0.970359     0.123483      1.06436     0.969571     0.519309     0.119424      4402.34    
  0.384592E+35 0.495004E+15 0.284401      12.7365     0.978238     0.124556      1.07372     0.981832     0.513915     0.119376      4238.14    
  0.389045E+35 0.496376E+15 0.285130      12.7437     0.986159     0.125636      1.08313     0.994218     0.508577     0.119316      4080.25    
  0.393550E+35 0.497752E+15 0.285860      12.7511     0.994120     0.126723      1.09261      1.00673     0.503294     0.119246      3928.43    
  0.398107E+35 0.499132E+15 0.286592      12.7584      1.00212     0.127816      1.10215      1.01936     0.498066     0.119165      3782.44    
  0.402717E+35 0.500525E+15 0.287327      12.7659      1.01016     0.128916      1.11175      1.03212     0.492893     0.119073      3642.04    
  0.407380E+35 0.501932E+15 0.288063      12.7734      1.01825     0.130023      1.12141      1.04501     0.487775     0.118970      3507.04    
  0.412098E+35 0.503342E+15 0.288801      12.7809      1.02637     0.131137      1.13113      1.05802     0.482713     0.118857      3377.22    
  0.416869E+35 0.504757E+15 0.289540      12.7885      1.03453     0.132257      1.14091      1.07115     0.477707     0.118733      3252.37    
  0.421696E+35 0.506176E+15 0.290282      12.7961      1.04272     0.133384      1.15075      1.08441     0.472756     0.118599      3132.29    
  0.426580E+35 0.507599E+15 0.291026      12.8038      1.05096     0.134518      1.16065      1.09779     0.467861     0.118454      3016.81    
  0.431519E+35 0.509026E+15 0.291771      12.8115      1.05924     0.135658      1.17061      1.11131     0.463021     0.118299      2905.74    
  0.436516E+35 0.510456E+15 0.292519      12.8193      1.06755     0.136804      1.18063      1.12495     0.458235     0.118134      2798.90    
  0.441570E+35 0.511891E+15 0.293268      12.8271      1.07590     0.137957      1.19071      1.13871     0.453505     0.117958      2696.13    
  0.446684E+35 0.513330E+15 0.294019      12.8349      1.08429     0.139117      1.20085      1.15260     0.448830     0.117773      2597.27    
  0.451856E+35 0.514773E+15 0.294773      12.8428      1.09272     0.140284      1.21105      1.16663     0.444209     0.117578      2502.16    
  0.457088E+35 0.516220E+15 0.295528      12.8507      1.10118     0.141457      1.22130      1.18077     0.439642     0.117372      2410.66    
  0.462381E+35 0.517671E+15 0.296285      12.8586      1.10969     0.142636      1.23162      1.19505     0.435130     0.117157      2322.63    
  0.467735E+35 0.519126E+15 0.297044      12.8666      1.11822     0.143822      1.24200      1.20946     0.430672     0.116933      2237.94    
  0.473151E+35 0.520585E+15 0.297805      12.8746      1.12680     0.145015      1.25244      1.22400     0.426269     0.116699      2156.44    
  0.478630E+35 0.522049E+15 0.298567      12.8826      1.13541     0.146214      1.26294      1.23866     0.421919     0.116456      2078.03    
  0.484172E+35 0.523516E+15 0.299332      12.8906      1.14406     0.147420      1.27349      1.25346     0.417622     0.116203      2002.57    
  0.489779E+35 0.524988E+15 0.300099      12.8987      1.15274     0.148632      1.28411      1.26838     0.413380     0.115941      1929.95    
  0.495450E+35 0.526463E+15 0.300868      12.9068      1.16146     0.149850      1.29479      1.28344     0.409190     0.115670      1860.07    
  0.501187E+35 0.527945E+15 0.301639      12.9149      1.17021     0.151075      1.30552      1.29862     0.405054     0.115390      1792.81    
  0.506991E+35 0.529453E+15 0.302411      12.9230      1.17900     0.152307      1.31632      1.31394     0.400972     0.115102      1728.08    
  0.512861E+35 0.530966E+15 0.303186      12.9311      1.18782     0.153544      1.32717      1.32938     0.396943     0.114804      1665.79    
  0.518800E+35 0.532483E+15 0.303963      12.9393      1.19668     0.154788      1.33808      1.34495     0.392968     0.114499      1605.83    
  0.524807E+35 0.534004E+15 0.304741      12.9474      1.20556     0.156038      1.34904      1.36065     0.389046     0.114184      1548.13    
  0.530884E+35 0.535529E+15 0.305522      12.9556      1.21448     0.157294      1.36007      1.37648     0.385177     0.113862      1492.59    
  0.537032E+35 0.537059E+15 0.306305      12.9638      1.22344     0.158556      1.37115      1.39244     0.381361     0.113531      1439.12    
  0.543250E+35 0.538593E+15 0.307089      12.9719      1.23242     0.159825      1.38228      1.40852     0.377599     0.113192      1387.65    
  0.549541E+35 0.540131E+15 0.307876      12.9801      1.24143     0.161099      1.39348      1.42474     0.373889     0.112845      1338.10    
  0.555904E+35 0.541674E+15 0.308665      12.9883      1.25048     0.162380      1.40473      1.44108     0.370232     0.112490      1290.39    
  0.562341E+35 0.543222E+15 0.309455      12.9965      1.25956     0.163667      1.41603      1.45755     0.366627     0.112128      1244.46    
  0.568853E+35 0.544773E+15 0.310248      13.0046      1.26867     0.164959      1.42740      1.47416     0.363075     0.111758      1200.24    
  0.575440E+35 0.546330E+15 0.311043      13.0128      1.27780     0.166258      1.43881      1.49088     0.359575     0.111380      1157.65    
  0.582103E+35 0.547890E+15 0.311840      13.0210      1.28697     0.167563      1.45029      1.50774     0.356127     0.110995      1116.64    
  0.588844E+35 0.549455E+15 0.312639      13.0291      1.29617     0.168873      1.46182      1.52473     0.352730     0.110603      1077.15    
  0.595662E+35 0.551025E+15 0.313439      13.0373      1.30539     0.170190      1.47341      1.54184     0.349386     0.110204      1039.11    
  0.602560E+35 0.552599E+15 0.314242      13.0454      1.31465     0.171512      1.48505      1.55908     0.346092     0.109798      1002.48    
  0.609537E+35 0.554177E+15 0.315047      13.0536      1.32393     0.172840      1.49674      1.57645     0.342850     0.109385      967.200    
  0.616595E+35 0.555760E+15 0.315854      13.0617      1.33324     0.174174      1.50849      1.59395     0.339659     0.108965      933.215    
  0.623735E+35 0.557348E+15 0.316664      13.0698      1.34258     0.175514      1.52030      1.61158     0.336519     0.108539      900.477    
  0.630957E+35 0.558961E+15 0.317475      13.0779      1.35194     0.176860      1.53216      1.62933     0.333430     0.108107      868.941    
  0.638263E+35 0.560588E+15 0.318288      13.0860      1.36133     0.178210      1.54407      1.64721     0.330392     0.107668      838.564    
  0.645654E+35 0.562219E+15 0.319103      13.0941      1.37075     0.179567      1.55603      1.66520     0.327406     0.107223      809.302    
  0.653131E+35 0.563856E+15 0.319921      13.1021      1.38018     0.180929      1.56805      1.68333     0.324471     0.106772      781.113    
  0.660693E+35 0.565497E+15 0.320740      13.1101      1.38965     0.182296      1.58011      1.70157     0.321586     0.106316      753.954    
  0.668344E+35 0.567142E+15 0.321562      13.1181      1.39913     0.183668      1.59223      1.71994     0.318753     0.105853      727.787    
  0.676083E+35 0.568793E+15 0.322386      13.1261      1.40864     0.185046      1.60440      1.73843     0.315970     0.105385      702.574    
  0.683912E+35 0.570448E+15 0.323212      13.1341      1.41817     0.186429      1.61662      1.75704     0.313237     0.104912      678.279    
  0.691831E+35 0.572108E+15 0.324040      13.1420      1.42772     0.187817      1.62888      1.77577     0.310556     0.104433      654.866    
  0.699842E+35 0.573773E+15 0.324870      13.1499      1.43730     0.189210      1.64120      1.79462     0.307924     0.103949      632.303    
  0.707946E+35 0.575443E+15 0.325702      13.1577      1.44689     0.190608      1.65357      1.81359     0.305343     0.103460      610.557    
  0.716143E+35 0.577118E+15 0.326536      13.1656      1.45651     0.192012      1.66598      1.83268     0.302811     0.102966      589.598    
  0.724436E+35 0.578798E+15 0.327373      13.1734      1.46615     0.193420      1.67845      1.85189     0.300330     0.102467      569.395    
  0.732825E+35 0.580482E+15 0.328211      13.1811      1.47580     0.194833      1.69096      1.87121     0.297898     0.101964      549.920    
  0.741310E+35 0.582171E+15 0.329052      13.1889      1.48548     0.196252      1.70352      1.89066     0.295515     0.101456      531.147    
  0.749894E+35 0.583866E+15 0.329895      13.1965      1.49517     0.197675      1.71613      1.91022     0.293182     0.100943      513.047    
  0.758578E+35 0.585565E+15 0.330740      13.2042      1.50489     0.199103      1.72879      1.92990     0.290899     0.100427      495.597    
  0.767361E+35 0.587269E+15 0.331587      13.2118      1.51462     0.200535      1.74149      1.94969     0.288664     0.999060E-01  478.772    
  0.776247E+35 0.588978E+15 0.332437      13.2194      1.52436     0.201973      1.75424      1.96960     0.286478     0.993812E-01  462.549    
  0.785236E+35 0.590699E+15 0.333289      13.2270      1.53413     0.203415      1.76704      1.98962     0.284341     0.988525E-01  446.904    
  0.794328E+35 0.592438E+15 0.334142      13.2345      1.54391     0.204861      1.77988      2.00975     0.282253     0.983201E-01  431.819    
  0.803526E+35 0.594182E+15 0.334998      13.2419      1.55370     0.206312      1.79277      2.02999     0.280214     0.977842E-01  417.271    
  0.812831E+35 0.107386E+16 0.570060      13.2401      1.55312     0.206226      1.79206      2.02820     0.280991     0.977589E-01  417.649    
  0.822243E+35 0.107501E+16 0.570621      13.2369      1.55240     0.206120      1.79122      2.02561     0.282348     0.976936E-01  417.844    
  0.831764E+35 0.107617E+16 0.571183      13.2330      1.55163     0.206005      1.79034      2.02258     0.284080     0.976000E-01  417.863    
  0.841395E+35 0.107733E+16 0.571745      13.2284      1.55082     0.205885      1.78944      2.01923     0.286115     0.974825E-01  417.719    
  0.851138E+35 0.107849E+16 0.572308      13.2232      1.55000     0.205763      1.78854      2.01561     0.288411     0.973438E-01  417.418    
  0.860994E+35 0.107965E+16 0.572871      13.2175      1.54916     0.205639      1.78765      2.01176     0.290941     0.971856E-01  416.964    
  0.870964E+35 0.108081E+16 0.573435      13.2113      1.54833     0.205515      1.78678      2.00773     0.293684     0.970092E-01  416.359    
  0.881049E+35 0.108198E+16 0.574000      13.2047      1.54750     0.205392      1.78593      2.00354     0.296625     0.968156E-01  415.607    
  0.891251E+35 0.108314E+16 0.574565      13.1977      1.54667     0.205270      1.78512      1.99921     0.299750     0.966057E-01  414.707    
  0.901571E+35 0.108431E+16 0.575131      13.1904      1.54587     0.205151      1.78433      1.99475     0.303049     0.963801E-01  413.662    
  0.912011E+35 0.108548E+16 0.575697      13.1826      1.54508     0.205034      1.78359      1.99019     0.306512     0.961394E-01  412.473    
  0.922571E+35 0.108665E+16 0.576264      13.1746      1.54431     0.204920      1.78289      1.98554     0.310132     0.958841E-01  411.140    
  0.933254E+35 0.108782E+16 0.576831      13.1662      1.54357     0.204810      1.78223      1.98081     0.313902     0.956148E-01  409.665    
  0.944061E+35 0.108899E+16 0.577399      13.1574      1.54285     0.204704      1.78163      1.97601     0.317814     0.953318E-01  408.048    
  0.954993E+35 0.109016E+16 0.577968      13.1484      1.54216     0.204602      1.78107      1.97115     0.321863     0.950356E-01  406.292    
  0.966051E+35 0.109134E+16 0.578537      13.1391      1.54151     0.204505      1.78058      1.96625     0.326044     0.947266E-01  404.396    
  0.977237E+35 0.109251E+16 0.579106      13.1295      1.54089     0.204413      1.78014      1.96130     0.330352     0.944050E-01  402.364    
  0.988553E+35 0.109369E+16 0.579676      13.1197      1.54031     0.204327      1.77976      1.95633     0.334782     0.940713E-01  400.195    
  0.100000E+36 0.109487E+16 0.580247      13.1096      1.53976     0.204246      1.77945      1.95133     0.339329     0.937257E-01  397.891    
  0.101158E+36 0.109605E+16 0.580818      13.0992      1.53926     0.204171      1.77920      1.94632     0.343990     0.933685E-01  395.455    
  0.102329E+36 0.109723E+16 0.581390      13.0886      1.53880     0.204103      1.77902      1.94130     0.348761     0.930001E-01  392.888    
  0.103514E+36 0.109853E+16 0.582017      13.0777      1.53838     0.204041      1.77891      1.93627     0.353637     0.926209E-01  390.192    
  0.104713E+36 0.109998E+16 0.582706      13.0666      1.53801     0.203986      1.77887      1.93126     0.358613     0.922312E-01  387.372    
  0.105925E+36 0.110143E+16 0.583396      13.0553      1.53769     0.203938      1.77891      1.92626     0.363685     0.918314E-01  384.431    
  0.107152E+36 0.110289E+16 0.584086      13.0438      1.53742     0.203898      1.77902      1.92127     0.368851     0.914218E-01  381.371    
  0.108393E+36 0.110434E+16 0.584777      13.0321      1.53719     0.203865      1.77921      1.91631     0.374106     0.910026E-01  378.196    
  0.109648E+36 0.110580E+16 0.585469      13.0202      1.53702     0.203839      1.77947      1.91137     0.379449     0.905742E-01  374.908    
  0.110917E+36 0.110726E+16 0.586162      13.0080      1.53690     0.203821      1.77982      1.90647     0.384877     0.901367E-01  371.511    
  0.112202E+36 0.110872E+16 0.586856      12.9957      1.53683     0.203811      1.78025      1.90160     0.390385     0.896906E-01  368.007    
  0.113501E+36 0.111018E+16 0.587550      12.9833      1.53682     0.203809      1.78076      1.89678     0.395973     0.892359E-01  364.399    
  0.114815E+36 0.111165E+16 0.588245      12.9706      1.53687     0.203816      1.78135      1.89200     0.401636     0.887730E-01  360.693    
  0.116145E+36 0.111311E+16 0.588942      12.9578      1.53697     0.203831      1.78203      1.88727     0.407372     0.883022E-01  356.890    
  0.117490E+36 0.111458E+16 0.589639      12.9448      1.53713     0.203855      1.78280      1.88260     0.413178     0.878237E-01  352.994    
  0.118850E+36 0.111605E+16 0.590336      12.9316      1.53735     0.203888      1.78366      1.87798     0.419053     0.873377E-01  349.010    
  0.120226E+36 0.111752E+16 0.591035      12.9183      1.53763     0.203930      1.78461      1.87344     0.424992     0.868446E-01  344.941    
  0.121619E+36 0.111900E+16 0.591734      12.9048      1.53797     0.203981      1.78565      1.86895     0.430995     0.863446E-01  340.791    
  0.123027E+36 0.112047E+16 0.592434      12.8912      1.53838     0.204041      1.78679      1.86454     0.437057     0.858379E-01  336.564    
  0.124451E+36 0.112195E+16 0.593136      12.8775      1.53885     0.204111      1.78801      1.86021     0.443177     0.853248E-01  332.265    
  0.125893E+36 0.112343E+16 0.593837      12.8636      1.53939     0.204191      1.78934      1.85595     0.449353     0.848055E-01  327.897    
  0.127350E+36 0.112507E+16 0.594604      12.8496      1.53999     0.204281      1.79076      1.85178     0.455580     0.842804E-01  323.465    
  0.128825E+36 0.112682E+16 0.595421      12.8355      1.54066     0.204380      1.79228      1.84769     0.461855     0.837500E-01  318.976    
  0.130317E+36 0.112858E+16 0.596239      12.8213      1.54139     0.204490      1.79390      1.84369     0.468175     0.832145E-01  314.435    
  0.131826E+36 0.113034E+16 0.597058      12.8070      1.54219     0.204609      1.79561      1.83979     0.474539     0.826741E-01  309.847    
  0.133352E+36 0.113211E+16 0.597878      12.7926      1.54306     0.204739      1.79742      1.83598     0.480944     0.821291E-01  305.216    
  0.134896E+36 0.113387E+16 0.598700      12.7780      1.54399     0.204879      1.79933      1.83226     0.487388     0.815797E-01  300.545    
  0.136458E+36 0.113564E+16 0.599522      12.7634      1.54500     0.205029      1.80134      1.82865     0.493870     0.810261E-01  295.841    
  0.138038E+36 0.113741E+16 0.600346      12.7487      1.54607     0.205189      1.80346      1.82513     0.500388     0.804687E-01  291.106    
  0.139637E+36 0.113919E+16 0.601170      12.7340      1.54721     0.205360      1.80567      1.82172     0.506939     0.799075E-01  286.346    
  0.141254E+36 0.114097E+16 0.601996      12.7191      1.54842     0.205541      1.80799      1.81842     0.513523     0.793428E-01  281.564    
  0.142889E+36 0.114275E+16 0.602823      12.7042      1.54971     0.205733      1.81041      1.81522     0.520136     0.787748E-01  276.765    
  0.144544E+36 0.114453E+16 0.603651      12.6892      1.55106     0.205936      1.81293      1.81214     0.526778     0.782038E-01  271.953    
  0.146218E+36 0.114631E+16 0.604481      12.6742      1.55248     0.206149      1.81556      1.80917     0.533447     0.776300E-01  267.133    
  0.147911E+36 0.114810E+16 0.605311      12.6590      1.55398     0.206374      1.81829      1.80631     0.540140     0.770536E-01  262.308    
  0.149624E+36 0.114989E+16 0.606143      12.6439      1.55554     0.206609      1.82113      1.80357     0.546857     0.764748E-01  257.482    
  0.151356E+36 0.115173E+16 0.606990      12.6287      1.55718     0.206855      1.82407      1.80095     0.553595     0.758937E-01  252.660    
  0.153109E+36 0.115380E+16 0.607935      12.6134      1.55889     0.207112      1.82712      1.79845     0.560350     0.753109E-01  247.846    
  0.154882E+36 0.115588E+16 0.608881      12.5982      1.56067     0.207380      1.83027      1.79607     0.567120     0.747267E-01  243.047    
  0.156675E+36 0.115796E+16 0.609829      12.5829      1.56252     0.207658      1.83352      1.79382     0.573903     0.741412E-01  238.266    
  0.158489E+36 0.116004E+16 0.610778      12.5675      1.56444     0.207947      1.83688      1.79168     0.580699     0.735546E-01  233.507    
  0.160325E+36 0.116213E+16 0.611728      12.5522      1.56643     0.208247      1.84034      1.78968     0.587507     0.729672E-01  228.772    
  0.162181E+36 0.116422E+16 0.612680      12.5368      1.56849     0.208558      1.84391      1.78779     0.594325     0.723789E-01  224.064    
  0.164059E+36 0.116631E+16 0.613633      12.5214      1.57062     0.208880      1.84758      1.78604     0.601151     0.717902E-01  219.388    
  0.165959E+36 0.116841E+16 0.614588      12.5060      1.57282     0.209212      1.85135      1.78441     0.607986     0.712010E-01  214.745    
  0.167880E+36 0.117052E+16 0.615545      12.4906      1.57509     0.209555      1.85523      1.78291     0.614827     0.706115E-01  210.139    
  0.169824E+36 0.117262E+16 0.616502      12.4752      1.57743     0.209909      1.85921      1.78154     0.621674     0.700220E-01  205.572    
  0.171791E+36 0.117473E+16 0.617462      12.4598      1.57984     0.210274      1.86329      1.78030     0.628526     0.694326E-01  201.047    
  0.173780E+36 0.117685E+16 0.618423      12.4444      1.58232     0.210649      1.86748      1.77918     0.635381     0.688435E-01  196.567    
  0.175792E+36 0.117897E+16 0.619385      12.4291      1.58486     0.211036      1.87177      1.77820     0.642239     0.682547E-01  192.133    
  0.177828E+36 0.118123E+16 0.620405      12.4137      1.58748     0.211433      1.87617      1.77735     0.649097     0.676665E-01  187.748    
  0.179887E+36 0.118364E+16 0.621479      12.3983      1.59016     0.211840      1.88066      1.77664     0.655953     0.670793E-01  183.417    
  0.181970E+36 0.118605E+16 0.622554      12.3830      1.59291     0.212258      1.88526      1.77605     0.662805     0.664932E-01  179.141    
  0.184077E+36 0.118847E+16 0.623632      12.3677      1.59572     0.212686      1.88995      1.77559     0.669653     0.659084E-01  174.922    
  0.186209E+36 0.119089E+16 0.624711      12.3525      1.59859     0.213125      1.89474      1.77527     0.676497     0.653251E-01  170.762    
  0.188365E+36 0.119331E+16 0.625793      12.3372      1.60153     0.213573      1.89963      1.77507     0.683335     0.647432E-01  166.661    
  0.190546E+36 0.119575E+16 0.626876      12.3220      1.60454     0.214032      1.90461      1.77500     0.690168     0.641629E-01  162.622    
  0.192752E+36 0.119818E+16 0.627961      12.3068      1.60760     0.214500      1.90969      1.77507     0.696994     0.635843E-01  158.644    
  0.194984E+36 0.120062E+16 0.629048      12.2917      1.61073     0.214979      1.91487      1.77526     0.703814     0.630076E-01  154.730    
  0.197242E+36 0.120307E+16 0.630137      12.2766      1.61392     0.215467      1.92015      1.77558     0.710627     0.624328E-01  150.880    
  0.199526E+36 0.120552E+16 0.631227      12.2616      1.61717     0.215966      1.92552      1.77603     0.717431     0.618600E-01  147.094    
  0.201837E+36 0.120798E+16 0.632320      12.2466      1.62049     0.216474      1.93098      1.77661     0.724228     0.612893E-01  143.374    
  0.204174E+36 0.121052E+16 0.633443      12.2317      1.62386     0.216992      1.93654      1.77732     0.731016     0.607208E-01  139.720    
  0.206538E+36 0.121327E+16 0.634646      12.2168      1.62729     0.217519      1.94218      1.77816     0.737791     0.601549E-01  136.134    
  0.208930E+36 0.121603E+16 0.635850      12.2019      1.63077     0.218056      1.94792      1.77912     0.744554     0.595918E-01  132.616    
  0.211349E+36 0.121879E+16 0.637058      12.1872      1.63431     0.218601      1.95374      1.78020     0.751305     0.590313E-01  129.168    
  0.213796E+36 0.122156E+16 0.638267      12.1724      1.63791     0.219156      1.95965      1.78141     0.758042     0.584737E-01  125.788    
  0.216272E+36 0.122434E+16 0.639479      12.1578      1.64155     0.219719      1.96565      1.78274     0.764767     0.579190E-01  122.477    
  0.218776E+36 0.122712E+16 0.640693      12.1432      1.64525     0.220291      1.97173      1.78419     0.771479     0.573673E-01  119.234    
  0.221309E+36 0.122991E+16 0.641909      12.1287      1.64901     0.220872      1.97789      1.78577     0.778177     0.568185E-01  116.059    
  0.223872E+36 0.123271E+16 0.643128      12.1142      1.65281     0.221462      1.98414      1.78746     0.784863     0.562729E-01  112.953    
  0.226464E+36 0.123551E+16 0.644348      12.0998      1.65666     0.222059      1.99047      1.78927     0.791536     0.557303E-01  109.913    
  0.229087E+36 0.123832E+16 0.645572      12.0855      1.66056     0.222666      1.99688      1.79119     0.798195     0.551909E-01  106.941    
  0.231739E+36 0.124117E+16 0.646808      12.0712      1.66451     0.223280      2.00338      1.79324     0.804841     0.546547E-01  104.035    
  0.234423E+36 0.124428E+16 0.648140      12.0570      1.66851     0.223903      2.00995      1.79539     0.811472     0.541220E-01  101.196    
  0.237137E+36 0.124740E+16 0.649474      12.0429      1.67255     0.224533      2.01659      1.79766     0.818086     0.535928E-01  98.4242    
  0.239883E+36 0.125053E+16 0.650811      12.0289      1.67664     0.225170      2.02331      1.80004     0.824684     0.530673E-01  95.7182    
  0.242661E+36 0.125366E+16 0.652151      12.0149      1.68076     0.225815      2.03010      1.80253     0.831266     0.525455E-01  93.0773    
  0.245471E+36 0.125681E+16 0.653494      12.0010      1.68493     0.226467      2.03696      1.80512     0.837832     0.520273E-01  90.5007    
  0.248313E+36 0.125996E+16 0.654840      11.9872      1.68913     0.227126      2.04389      1.80782     0.844383     0.515127E-01  87.9874    
  0.251189E+36 0.126312E+16 0.656188      11.9735      1.69338     0.227792      2.05089      1.81063     0.850920     0.510019E-01  85.5365    
  0.254097E+36 0.126629E+16 0.657539      11.9598      1.69766     0.228465      2.05795      1.81353     0.857441     0.504948E-01  83.1469    
  0.257040E+36 0.126946E+16 0.658893      11.9462      1.70198     0.229145      2.06509      1.81654     0.863947     0.499915E-01  80.8178    
  0.260016E+36 0.127264E+16 0.660249      11.9327      1.70634     0.229831      2.07229      1.81964     0.870439     0.494919E-01  78.5480    
  0.263027E+36 0.127607E+16 0.661690      11.9192      1.71073     0.230524      2.07955      1.82285     0.876916     0.489961E-01  76.3370    
  0.266073E+36 0.127957E+16 0.663155      11.9059      1.71515     0.231223      2.08687      1.82615     0.883375     0.485045E-01  74.1845    
  0.269153E+36 0.128308E+16 0.664622      11.8926      1.71960     0.231927      2.09425      1.82954     0.889818     0.480168E-01  72.0893    
  0.272270E+36 0.128659E+16 0.666093      11.8794      1.72408     0.232637      2.10169      1.83302     0.896245     0.475332E-01  70.0503    
  0.275423E+36 0.129011E+16 0.667567      11.8662      1.72859     0.233353      2.10918      1.83659     0.902657     0.470536E-01  68.0663    
  0.278612E+36 0.129365E+16 0.669044      11.8532      1.73313     0.234073      2.11672      1.84024     0.909053     0.465781E-01  66.1361    
  0.281838E+36 0.129719E+16 0.670524      11.8402      1.73769     0.234799      2.12432      1.84398     0.915435     0.461066E-01  64.2586    
  0.285102E+36 0.130075E+16 0.672008      11.8273      1.74228     0.235530      2.13197      1.84780     0.921802     0.456391E-01  62.4325    
  0.288403E+36 0.130431E+16 0.673495      11.8145      1.74689     0.236266      2.13967      1.85170     0.928156     0.451756E-01  60.6567    
  0.291743E+36 0.130795E+16 0.675008      11.8017      1.75153     0.237007      2.14742      1.85568     0.934496     0.447161E-01  58.9301    
  0.295121E+36 0.131183E+16 0.676601      11.7890      1.75619     0.237752      2.15522      1.85974     0.940821     0.442607E-01  57.2521    
  0.298538E+36 0.131573E+16 0.678198      11.7764      1.76086     0.238502      2.16306      1.86387     0.947130     0.438096E-01  55.6220    
  0.301995E+36 0.131964E+16 0.679799      11.7639      1.76556     0.239255      2.17094      1.86807     0.953425     0.433626E-01  54.0383    
  0.305492E+36 0.132356E+16 0.681403      11.7514      1.77027     0.240012      2.17886      1.87234     0.959705     0.429199E-01  52.5000    
  0.309030E+36 0.132749E+16 0.683011      11.7391      1.77499     0.240772      2.18682      1.87667     0.965972     0.424812E-01  51.0059    
  0.312608E+36 0.133143E+16 0.684624      11.7268      1.77973     0.241536      2.19481      1.88107     0.972226     0.420467E-01  49.5549    
  0.316228E+36 0.133538E+16 0.686239      11.7145      1.78448     0.242303      2.20285      1.88553     0.978467     0.416162E-01  48.1457    
  0.319890E+36 0.133935E+16 0.687859      11.7023      1.78925     0.243074      2.21091      1.89006     0.984696     0.411899E-01  46.7772    
  0.323594E+36 0.134339E+16 0.689506      11.6902      1.79403     0.243848      2.21902      1.89464     0.990914     0.407675E-01  45.4485    
  0.327341E+36 0.134769E+16 0.691231      11.6782      1.79881     0.244624      2.22715      1.89927     0.997119     0.403493E-01  44.1589    
  0.331131E+36 0.135200E+16 0.692960      11.6662      1.80361     0.245403      2.23531      1.90396      1.00331     0.399354E-01  42.9075    
  0.334965E+36 0.135632E+16 0.694694      11.6543      1.80841     0.246184      2.24350      1.90870      1.00949     0.395256E-01  41.6933    
  0.338844E+36 0.136065E+16 0.696432      11.6425      1.81321     0.246967      2.25171      1.91348      1.01566     0.391199E-01  40.5151    
  0.342768E+36 0.136500E+16 0.698174      11.6307      1.81802     0.247752      2.25995      1.91831      1.02182     0.387183E-01  39.3719    
  0.346737E+36 0.136937E+16 0.699921      11.6190      1.82283     0.248538      2.26821      1.92318      1.02796     0.383207E-01  38.2626    
  0.350752E+36 0.137374E+16 0.701672      11.6073      1.82765     0.249327      2.27649      1.92810      1.03410     0.379272E-01  37.1864    
  0.354813E+36 0.137813E+16 0.703427      11.5957      1.83247     0.250116      2.28479      1.93305      1.04023     0.375376E-01  36.1422    
  0.358922E+36 0.138278E+16 0.705259      11.5842      1.83729     0.250908      2.29311      1.93804      1.04634     0.371520E-01  35.1292    
  0.363078E+36 0.138751E+16 0.707119      11.5727      1.84210     0.251700      2.30144      1.94306      1.05245     0.367706E-01  34.1469    
  0.367282E+36 0.139225E+16 0.708984      11.5613      1.84691     0.252492      2.30979      1.94812      1.05855     0.363932E-01  33.1943    
  0.371535E+36 0.139702E+16 0.710854      11.5500      1.85172     0.253286      2.31814      1.95319      1.06464     0.360198E-01  32.2705    
  0.375837E+36 0.140180E+16 0.712728      11.5387      1.85652     0.254079      2.32651      1.95830      1.07072     0.356503E-01  31.3747    
  0.380189E+36 0.140659E+16 0.714608      11.5274      1.86132     0.254873      2.33489      1.96343      1.07679     0.352848E-01  30.5059    
  0.384592E+36 0.141140E+16 0.716493      11.5162      1.86611     0.255667      2.34327      1.96858      1.08286     0.349232E-01  29.6633    
  0.389045E+36 0.141623E+16 0.718382      11.5051      1.87089     0.256461      2.35166      1.97375      1.08892     0.345654E-01  28.8461    
  0.393550E+36 0.142130E+16 0.720344      11.4940      1.87566     0.257255      2.36006      1.97894      1.09497     0.342115E-01  28.0535    
  0.398107E+36 0.142648E+16 0.722337      11.4829      1.88042     0.258049      2.36846      1.98414      1.10101     0.338615E-01  27.2852    
  0.402717E+36 0.143168E+16 0.724336      11.4719      1.88517     0.258841      2.37686      1.98935      1.10705     0.335153E-01  26.5404    
  0.407380E+36 0.143689E+16 0.726340      11.4610      1.88990     0.259633      2.38526      1.99458      1.11308     0.331730E-01  25.8182    
  0.412098E+36 0.144213E+16 0.728350      11.4501      1.89463     0.260423      2.39365      1.99980      1.11911     0.328345E-01  25.1180    
  0.416869E+36 0.144738E+16 0.730366      11.4392      1.89933     0.261213      2.40205      2.00504      1.12513     0.324997E-01  24.4390    
  0.421696E+36 0.145265E+16 0.732387      11.4284      1.90403     0.262001      2.41043      2.01027      1.13115     0.321686E-01  23.7805    
  0.426580E+36 0.145796E+16 0.734418      11.4176      1.90870     0.262788      2.41882      2.01551      1.13716     0.318411E-01  23.1420    
  0.431519E+36 0.146359E+16 0.736542      11.4068      1.91336     0.263573      2.42719      2.02074      1.14317     0.315173E-01  22.5229    
  0.436516E+36 0.146924E+16 0.738672      11.3961      1.91800     0.264356      2.43556      2.02597      1.14918     0.311972E-01  21.9226    
  0.441570E+36 0.147492E+16 0.740808      11.3854      1.92262     0.265137      2.44391      2.03119      1.15518     0.308808E-01  21.3407    
  0.446684E+36 0.148061E+16 0.742950      11.3748      1.92722     0.265916      2.45225      2.03640      1.16118     0.305680E-01  20.7764    
  0.451856E+36 0.148633E+16 0.745098      11.3642      1.93179     0.266693      2.46057      2.04160      1.16717     0.302587E-01  20.2292    
  0.457088E+36 0.149207E+16 0.747253      11.3536      1.93635     0.267467      2.46888      2.04679      1.17317     0.299530E-01  19.6986    
  0.462381E+36 0.149783E+16 0.749414      11.3431      1.94088     0.268238      2.47717      2.05196      1.17916     0.296507E-01  19.1839    
  0.467735E+36 0.150385E+16 0.751645      11.3326      1.94539     0.269007      2.48545      2.05712      1.18515     0.293518E-01  18.6847    
  0.473151E+36 0.150998E+16 0.753908      11.3221      1.94987     0.269773      2.49371      2.06225      1.19114     0.290565E-01  18.2007    
  0.478630E+36 0.151614E+16 0.756179      11.3117      1.95432     0.270535      2.50194      2.06736      1.19713     0.287646E-01  17.7313    
  0.484172E+36 0.152232E+16 0.758455      11.3012      1.95875     0.271294      2.51015      2.07244      1.20312     0.284761E-01  17.2761    
  0.489779E+36 0.152853E+16 0.760739      11.2908      1.96315     0.272050      2.51834      2.07750      1.20911     0.281910E-01  16.8346    
  0.495450E+36 0.153476E+16 0.763030      11.2805      1.96753     0.272802      2.52650      2.08253      1.21509     0.279091E-01  16.4064    
  0.501187E+36 0.154102E+16 0.765327      11.2701      1.97187     0.273550      2.53464      2.08753      1.22108     0.276306E-01  15.9908    
  0.506991E+36 0.154753E+16 0.767691      11.2598      1.97619     0.274295      2.54275      2.09250      1.22707     0.273552E-01  15.5877    
  0.512861E+36 0.155417E+16 0.770090      11.2495      1.98047     0.275035      2.55083      2.09743      1.23307     0.270832E-01  15.1967    
  0.518800E+36 0.156083E+16 0.772497      11.2392      1.98473     0.275771      2.55888      2.10233      1.23906     0.268144E-01  14.8175    
  0.524807E+36 0.156753E+16 0.774912      11.2289      1.98895     0.276503      2.56690      2.10718      1.24505     0.265487E-01  14.4495    
  0.530884E+36 0.157426E+16 0.777334      11.2187      1.99314     0.277230      2.57489      2.11200      1.25105     0.262862E-01  14.0925    
  0.537032E+36 0.158101E+16 0.779763      11.2084      1.99729     0.277953      2.58284      2.11677      1.25705     0.260268E-01  13.7460    
  0.543250E+36 0.158779E+16 0.782200      11.1982      2.00141     0.278671      2.59076      2.12150      1.26305     0.257705E-01  13.4097    
  0.549541E+36 0.159490E+16 0.784721      11.1880      2.00550     0.279385      2.59864      2.12619      1.26906     0.255171E-01  13.0833    
  0.555904E+36 0.160208E+16 0.787260      11.1778      2.00955     0.280093      2.60649      2.13082      1.27507     0.252669E-01  12.7667    
  0.562341E+36 0.160929E+16 0.789807      11.1676      2.01357     0.280796      2.61429      2.13541      1.28108     0.250197E-01  12.4593    
  0.568853E+36 0.161653E+16 0.792362      11.1575      2.01755     0.281494      2.62206      2.13994      1.28710     0.247754E-01  12.1610    
  0.575440E+36 0.162380E+16 0.794925      11.1473      2.02149     0.282187      2.62978      2.14442      1.29312     0.245340E-01  11.8714    
  0.582103E+36 0.163111E+16 0.797497      11.1372      2.02539     0.282874      2.63747      2.14885      1.29915     0.242955E-01  11.5902    
  0.588844E+36 0.163856E+16 0.800105      11.1270      2.02926     0.283556      2.64511      2.15322      1.30518     0.240599E-01  11.3172    
  0.595662E+36 0.164627E+16 0.802777      11.1169      2.03309     0.284232      2.65271      2.15753      1.31122     0.238271E-01  11.0521    
  0.602560E+36 0.165402E+16 0.805459      11.1068      2.03688     0.284902      2.66027      2.16178      1.31726     0.235972E-01  10.7947    
  0.609537E+36 0.166180E+16 0.808149      11.0967      2.04063     0.285566      2.66777      2.16597      1.32330     0.233700E-01  10.5448    
  0.616595E+36 0.166962E+16 0.810849      11.0865      2.04434     0.286224      2.67523      2.17009      1.32936     0.231456E-01  10.3021    
  0.623735E+36 0.167748E+16 0.813557      11.0764      2.04800     0.286876      2.68265      2.17416      1.33542     0.229239E-01  10.0663    
  0.630957E+36 0.168537E+16 0.816275      11.0663      2.05163     0.287522      2.69002      2.17815      1.34148     0.227049E-01  9.83729    
  0.638263E+36 0.169364E+16 0.819082      11.0562      2.05522     0.288161      2.69734      2.18208      1.34755     0.224885E-01  9.61479    
  0.645654E+36 0.170195E+16 0.821901      11.0461      2.05876     0.288794      2.70460      2.18595      1.35363     0.222748E-01  9.39866    
  0.653131E+36 0.171030E+16 0.824729      11.0360      2.06227     0.289420      2.71182      2.18974      1.35972     0.220637E-01  9.18868    
  0.660693E+36 0.171870E+16 0.827567      11.0259      2.06572     0.290040      2.71898      2.19346      1.36581     0.218551E-01  8.98466    
  0.668344E+36 0.172714E+16 0.830415      11.0158      2.06914     0.290653      2.72609      2.19710      1.37191     0.216492E-01  8.78638    
  0.676083E+36 0.173561E+16 0.833272      11.0057      2.07251     0.291260      2.73315      2.20068      1.37802     0.214457E-01  8.59366    
  0.683912E+36 0.174441E+16 0.836205      10.9956      2.07584     0.291859      2.74016      2.20418      1.38414     0.212446E-01  8.40633    
  0.691831E+36 0.175332E+16 0.839163      10.9855      2.07913     0.292451      2.74711      2.20760      1.39026     0.210461E-01  8.22427    
  0.699842E+36 0.176228E+16 0.842132      10.9754      2.08237     0.293037      2.75400      2.21095      1.39639     0.208500E-01  8.04730    
  0.707946E+36 0.177128E+16 0.845111      10.9653      2.08557     0.293615      2.76083      2.21421      1.40253     0.206563E-01  7.87525    
  0.716143E+36 0.178032E+16 0.848101      10.9552      2.08872     0.294186      2.76761      2.21740      1.40868     0.204650E-01  7.70796    
  0.724436E+36 0.178942E+16 0.851102      10.9450      2.09183     0.294749      2.77433      2.22051      1.41483     0.202760E-01  7.54527    
  0.732825E+36 0.179884E+16 0.854177      10.9349      2.09489     0.295306      2.78100      2.22354      1.42100     0.200894E-01  7.38705    
  0.741310E+36 0.180838E+16 0.857278      10.9248      2.09790     0.295855      2.78760      2.22648      1.42717     0.199050E-01  7.23318    
  0.749894E+36 0.181797E+16 0.860390      10.9146      2.10087     0.296396      2.79415      2.22934      1.43335     0.197230E-01  7.08354    
  0.758578E+36 0.182761E+16 0.863514      10.9045      2.10380     0.296929      2.80063      2.23212      1.43954     0.195432E-01  6.93798    
  0.767361E+36 0.183730E+16 0.866649      10.8943      2.10667     0.297456      2.80705      2.23481      1.44574     0.193655E-01  6.79636    
  0.776247E+36 0.184704E+16 0.869795      10.8841      2.10950     0.297974      2.81341      2.23742      1.45195     0.191901E-01  6.65855    
  0.785236E+36 0.185718E+16 0.873028      10.8740      2.11229     0.298485      2.81971      2.23994      1.45817     0.190168E-01  6.52446    
  0.794328E+36 0.186738E+16 0.876275      10.8638      2.11503     0.298987      2.82595      2.24237      1.46440     0.188457E-01  6.39399    
  0.803526E+36 0.187764E+16 0.879534      10.8536      2.11772     0.299482      2.83212      2.24471      1.47063     0.186767E-01  6.26702    
  0.812831E+36 0.188796E+16 0.882805      10.8434      2.12036     0.299969      2.83823      2.24697      1.47688     0.185098E-01  6.14344    
  0.822243E+36 0.189833E+16 0.886088      10.8332      2.12296     0.300448      2.84428      2.24914      1.48313     0.183450E-01  6.02314    
  0.831764E+36 0.190885E+16 0.889404      10.8229      2.12550     0.300919      2.85026      2.25121      1.48940     0.181822E-01  5.90601    
  0.841395E+36 0.191970E+16 0.892787      10.8127      2.12801     0.301382      2.85617      2.25320      1.49567     0.180214E-01  5.79198    
  0.851138E+36 0.193061E+16 0.896184      10.8024      2.13046     0.301837      2.86202      2.25509      1.50195     0.178626E-01  5.68096    
  0.860994E+36 0.194158E+16 0.899593      10.7922      2.13287     0.302283      2.86781      2.25690      1.50824     0.177058E-01  5.57286    
  0.870964E+36 0.195261E+16 0.903015      10.7819      2.13522     0.302721      2.87353      2.25861      1.51454     0.175509E-01  5.46758    
  0.881049E+36 0.196370E+16 0.906450      10.7716      2.13754     0.303152      2.87918      2.26023      1.52085     0.173980E-01  5.36503    
  0.891251E+36 0.197511E+16 0.909950      10.7613      2.13980     0.303573      2.88476      2.26176      1.52717     0.172469E-01  5.26514    
  0.901571E+36 0.198670E+16 0.913486      10.7510      2.14201     0.303987      2.89028      2.26319      1.53350     0.170978E-01  5.16783    
  0.912011E+36 0.199835E+16 0.917035      10.7407      2.14418     0.304392      2.89573      2.26453      1.53983     0.169505E-01  5.07304    
  0.922571E+36 0.201007E+16 0.920599      10.7303      2.14630     0.304789      2.90111      2.26578      1.54618     0.168050E-01  4.98068    
  0.933254E+36 0.202186E+16 0.924176      10.7200      2.14837     0.305177      2.90642      2.26693      1.55253     0.166613E-01  4.89068    
  0.944061E+36 0.203380E+16 0.927784      10.7096      2.15040     0.305557      2.91167      2.26799      1.55890     0.165194E-01  4.80296    
  0.954993E+36 0.204610E+16 0.931462      10.6993      2.15237     0.305929      2.91685      2.26895      1.56527     0.163793E-01  4.71747    
  0.966051E+36 0.205847E+16 0.935154      10.6889      2.15430     0.306292      2.92195      2.26982      1.57165     0.162409E-01  4.63415    
  0.977237E+36 0.207092E+16 0.938861      10.6785      2.15618     0.306646      2.92699      2.27060      1.57803     0.161043E-01  4.55293    
  0.988553E+36 0.208344E+16 0.942583      10.6680      2.15802     0.306992      2.93196      2.27127      1.58443     0.159693E-01  4.47375    
  0.100000E+37 0.209603E+16 0.946319      10.6576      2.15980     0.307330      2.93686      2.27186      1.59083     0.158361E-01  4.39654    
  0.101158E+37 0.210903E+16 0.950132      10.6472      2.16154     0.307659      2.94169      2.27235      1.59724     0.157045E-01  4.32125    
  0.102329E+37 0.212215E+16 0.953970      10.6367      2.16323     0.307979      2.94645      2.27275      1.60366     0.155745E-01  4.24784    
  0.103514E+37 0.213535E+16 0.957823      10.6262      2.16488     0.308291      2.95114      2.27305      1.61009     0.154462E-01  4.17625    
  0.104713E+37 0.214864E+16 0.961692      10.6157      2.16647     0.308594      2.95576      2.27325      1.61652     0.153195E-01  4.10642    
  0.105925E+37 0.216201E+16 0.965576      10.6052      2.16802     0.308889      2.96031      2.27336      1.62296     0.151943E-01  4.03831    
  0.107152E+37 0.217569E+16 0.969519      10.5947      2.16952     0.309175      2.96479      2.27338      1.62941     0.150707E-01  3.97186    
  0.108393E+37 0.218960E+16 0.973505      10.5842      2.17098     0.309452      2.96920      2.27330      1.63586     0.149487E-01  3.90703    
  0.109648E+37 0.220360E+16 0.977507      10.5736      2.17238     0.309721      2.97353      2.27313      1.64232     0.148282E-01  3.84378    
  0.110917E+37 0.221769E+16 0.981525      10.5631      2.17375     0.309981      2.97780      2.27286      1.64879     0.147092E-01  3.78207    
  0.112202E+37 0.223187E+16 0.985560      10.5525      2.17506     0.310233      2.98200      2.27250      1.65526     0.145917E-01  3.72183    
  0.113501E+37 0.224632E+16 0.989643      10.5419      2.17633     0.310476      2.98613      2.27204      1.66174     0.144757E-01  3.66305    
  0.114815E+37 0.226106E+16 0.993779      10.5313      2.17755     0.310710      2.99018      2.27150      1.66822     0.143611E-01  3.60567    
  0.116145E+37 0.227589E+16 0.997933      10.5207      2.17873     0.310936      2.99417      2.27085      1.67471     0.142479E-01  3.54967    
  0.117490E+37 0.229083E+16  1.00210      10.5100      2.17986     0.311154      2.99808      2.27012      1.68120     0.141362E-01  3.49500    
  0.118850E+37 0.230586E+16  1.00629      10.4994      2.18094     0.311363      3.00192      2.26929      1.68770     0.140259E-01  3.44162    
  0.120226E+37 0.232114E+16  1.01052      10.4887      2.18198     0.311563      3.00570      2.26837      1.69420     0.139169E-01  3.38950    
  0.121619E+37 0.233675E+16  1.01481      10.4780      2.18297     0.311755      3.00940      2.26736      1.70071     0.138094E-01  3.33861    
  0.123027E+37 0.235247E+16  1.01912      10.4673      2.18392     0.311938      3.01303      2.26626      1.70721     0.137032E-01  3.28892    
  0.124451E+37 0.236829E+16  1.02345      10.4566      2.18482     0.312113      3.01659      2.26507      1.71372     0.135983E-01  3.24039    
  0.125893E+37 0.238423E+16  1.02780      10.4459      2.18568     0.312279      3.02009      2.26379      1.72024     0.134947E-01  3.19299    
  0.127350E+37 0.240041E+16  1.03218      10.4352      2.18650     0.312437      3.02351      2.26241      1.72676     0.133924E-01  3.14669    
  0.128825E+37 0.241694E+16  1.03663      10.4245      2.18727     0.312586      3.02686      2.26095      1.73328     0.132914E-01  3.10146    
  0.130317E+37 0.243358E+16  1.04110      10.4137      2.18799     0.312727      3.03014      2.25940      1.73980     0.131917E-01  3.05727    
  0.131826E+37 0.245034E+16  1.04559      10.4029      2.18867     0.312860      3.03335      2.25776      1.74632     0.130933E-01  3.01411    
  0.133352E+37 0.246722E+16  1.05009      10.3921      2.18931     0.312984      3.03649      2.25603      1.75284     0.129961E-01  2.97193    
  0.134896E+37 0.248439E+16  1.05464      10.3814      2.18990     0.313100      3.03957      2.25421      1.75936     0.129001E-01  2.93071    
  0.136458E+37 0.250188E+16  1.05925      10.3706      2.19046     0.313208      3.04257      2.25231      1.76589     0.128053E-01  2.89043    
  0.138038E+37 0.251950E+16  1.06388      10.3597      2.19096     0.313307      3.04550      2.25032      1.77241     0.127117E-01  2.85107    
  0.139637E+37 0.253725E+16  1.06853      10.3489      2.19143     0.313398      3.04837      2.24825      1.77893     0.126193E-01  2.81260    
  0.141254E+37 0.255512E+16  1.07320      10.3381      2.19185     0.313481      3.05117      2.24609      1.78545     0.125281E-01  2.77499    
  0.142889E+37 0.257335E+16  1.07793      10.3272      2.19223     0.313555      3.05389      2.24385      1.79197     0.124380E-01  2.73823    
  0.144544E+37 0.259187E+16  1.08270      10.3164      2.19257     0.313622      3.05655      2.24152      1.79849     0.123491E-01  2.70230    
  0.146218E+37 0.261051E+16  1.08749      10.3055      2.19287     0.313680      3.05915      2.23912      1.80501     0.122613E-01  2.66717    
  0.147911E+37 0.262930E+16  1.09231      10.2946      2.19313     0.313731      3.06167      2.23663      1.81152     0.121746E-01  2.63282    
  0.149624E+37 0.264822E+16  1.09715      10.2837      2.19334     0.313773      3.06412      2.23405      1.81803     0.120889E-01  2.59924    
  0.151356E+37 0.266759E+16  1.10205      10.2728      2.19351     0.313807      3.06651      2.23140      1.82453     0.120044E-01  2.56640    
  0.153109E+37 0.268718E+16  1.10700      10.2619      2.19365     0.313834      3.06884      2.22867      1.83104     0.119210E-01  2.53428    
  0.154882E+37 0.270691E+16  1.11196      10.2510      2.19374     0.313852      3.07109      2.22586      1.83753     0.118386E-01  2.50288    
  0.156675E+37 0.272679E+16  1.11694      10.2401      2.19380     0.313862      3.07328      2.22297      1.84402     0.117573E-01  2.47217    
  0.158489E+37 0.274684E+16  1.12196      10.2291      2.19381     0.313865      3.07540      2.22000      1.85051     0.116769E-01  2.44212    
  0.160325E+37 0.276741E+16  1.12705      10.2182      2.19378     0.313860      3.07746      2.21696      1.85699     0.115977E-01  2.41274    
  0.162181E+37 0.278814E+16  1.13216      10.2073      2.19372     0.313847      3.07945      2.21384      1.86346     0.115194E-01  2.38399    
  0.164059E+37 0.280901E+16  1.13730      10.1963      2.19362     0.313827      3.08137      2.21064      1.86993     0.114421E-01  2.35588    
  0.165959E+37 0.283005E+16  1.14246      10.1853      2.19347     0.313798      3.08323      2.20737      1.87638     0.113658E-01  2.32837    
  0.167880E+37 0.285140E+16  1.14766      10.1744      2.19329     0.313763      3.08502      2.20403      1.88283     0.112905E-01  2.30146    
  0.169824E+37 0.287315E+16  1.15293      10.1634      2.19308     0.313719      3.08675      2.20062      1.88928     0.112161E-01  2.27513    
  0.171791E+37 0.289507E+16  1.15822      10.1524      2.19282     0.313669      3.08842      2.19713      1.89571     0.111427E-01  2.24936    
  0.173780E+37 0.291716E+16  1.16353      10.1414      2.19253     0.313610      3.09002      2.19357      1.90213     0.110703E-01  2.22416    
  0.175792E+37 0.293941E+16  1.16887      10.1304      2.19220     0.313544      3.09156      2.18995      1.90854     0.109988E-01  2.19949    
