#Frame_number	gps_time_at_the_beginning_of_frame	date_converted_from_gps_time	 RA_of_Sun_in_this_day		 Dec_of_Sun_in_this_day 	Mer[ra,dec] Ven Moon Mar Jup Sat Ura Nep
	
001 1.1645594400e+09 Nov 30 2016 246.195708333 -20.3672777778	266.61 -25.79 294.11 -24.04 262.11 -18.99 318.83 -17.42 195.91 -5.50 256.76 -21.56 19.55 7.58 341.18 -8.89
002 1.1650764240e+09 Dec 06 2016 251.605541667 -21.6418888889	275.57 -25.65 301.58 -22.71 338.78 -9.55 323.25 -15.93 196.83 -5.86 257.52 -21.63 19.43 7.54 341.22 -8.87
003 1.1655934080e+09 Dec 12 2016 259.274291667 -22.9315555556	282.87 -24.72 308.81 -21.03 60.55 14.92 327.63 -14.36 197.69 -6.19 258.28 -21.70 19.33 7.50 341.29 -8.85
004 1.1661103920e+09 Dec 18 2016 265.9095 -22.6186111111	286.44 -23.22 315.76 -19.04 149.96 10.86 331.95 -12.71 198.49 -6.49 259.03 -21.76 19.27 7.48 341.37 -8.81
005 1.1666273760e+09 Dec 24 2016 272.568958333 -22.5861111111	283.55 -21.66 322.41 -16.78 221.30 -11.71 336.22 -10.99 199.22 -6.77 259.79 -21.81 19.23 7.47 341.47 -8.77
006 1.1671443600e+09 Dec 30 2016 279.21925 -22.8356111111	275.34 -20.51 328.77 -14.30 296.51 -18.50 340.45 -9.23 199.88 -7.01 260.53 -21.86 19.22 7.47 341.58 -8.72
007 1.1676613440e+09 Jan 05 2017 286.100208333 -21.3903333333	269.43 -20.24 334.81 -11.65 13.01 1.46 344.64 -7.42 200.46 -7.22 261.26 -21.91 19.24 7.48 341.71 -8.67
008 1.1681783280e+09 Jan 11 2017 292.646666667 -20.1966666667	269.50 -20.85 340.53 -8.88 99.01 18.28 348.78 -5.58 200.95 -7.39 261.96 -21.95 19.28 7.50 341.86 -8.61
009 1.1686953120e+09 Jan 17 2017 299.104416667 -19.2569722222	273.92 -21.73 345.91 -6.05 181.71 1.20 352.90 -3.72 201.34 -7.52 262.65 -21.98 19.36 7.54 342.02 -8.54
010 1.1692122960e+09 Jan 23 2017 305.459166667 -18.5538333333	280.78 -22.37 350.93 -3.19 252.91 -17.93 356.98 -1.86 201.65 -7.61 263.31 -22.01 19.47 7.58 342.19 -8.47
011 1.1697292800e+09 Jan 29 2017 311.699875 -16.0664444444	288.99 -22.47 355.55 -0.37 330.82 -12.11 1.05 0.01 201.84 -7.66 263.93 -22.03 19.60 7.64 342.38 -8.39
012 1.1702462640e+09 Feb 04 2017 317.818125 -15.7714722222	297.96 -21.89 359.71 2.35 49.00 12.17 5.11 1.86 201.94 -7.67 264.52 -22.05 19.76 7.71 342.57 -8.32
013 1.1707632480e+09 Feb 10 2017 323.812541667 -13.6444166667	307.39 -20.56 3.31 4.93 136.47 14.20 9.16 3.69 201.92 -7.64 265.07 -22.07 19.94 7.78 342.77 -8.23
014 1.1712802320e+09 Feb 16 2017 329.69025 -11.6606111111	317.09 -18.45 6.22 7.27 211.90 -8.70 13.20 5.50 201.81 -7.57 265.57 -22.08 20.15 7.87 342.97 -8.15
015 1.1717972160e+09 Feb 22 2017 335.463708333 -9.79591666667	326.99 -15.53 8.29 9.28 285.86 -19.25 17.26 7.26 201.58 -7.45 266.03 -22.08 20.37 7.96 343.18 -8.07
016 1.1723142000e+09 Feb 28 2017 341.14525 -6.02561111111	337.07 -11.81 9.32 10.86 4.59 -1.59 21.32 8.97 201.26 -7.30 266.43 -22.09 20.62 8.06 343.39 -7.98
017 1.1728311840e+09 Mar 06 2017 346.747166667 -4.32486111111	347.34 -7.31 9.13 11.84 87.76 17.99 25.40 10.63 200.84 -7.12 266.78 -22.09 20.88 8.17 343.61 -7.89
018 1.1733481680e+09 Mar 12 2017 352.284583333 -2.66941666667	357.78 -2.14 7.65 12.06 170.54 4.98 29.51 12.23 200.34 -6.90 267.07 -22.09 21.16 8.28 343.82 -7.81
019 1.1738651520e+09 Mar 18 2017 357.777291667 0.963055555556	8.19 3.43 5.03 11.39 242.73 -16.34 33.63 13.75 199.77 -6.65 267.30 -22.09 21.45 8.40 344.03 -7.73
020 1.1743821360e+09 Mar 24 2017 3.24629166667 1.40605555556	17.87 8.76 1.80 9.90 319.09 -14.95 37.79 15.19 199.13 -6.39 267.47 -22.08 21.76 8.52 344.23 -7.64
021 1.1748991200e+09 Mar 30 2017 8.709375 3.75502777778	25.64 13.04 358.69 7.85 39.44 9.71 41.98 16.55 198.45 -6.11 267.58 -22.08 22.07 8.64 344.43 -7.56
022 1.1754161040e+09 Apr 05 2017 14.1817916667 6.06175	30.34 15.57 356.40 5.69 126.73 16.05 46.19 17.82 197.75 -5.82 267.62 -22.07 22.39 8.77 344.62 -7.49
023 1.1759330880e+09 Apr 11 2017 19.678875 8.30469444444	31.39 16.02 355.35 3.81 202.22 -5.72 50.44 18.98 197.03 -5.53 267.60 -22.07 22.71 8.90 344.80 -7.42
024 1.1764500720e+09 Apr 17 2017 25.2190416667 10.4640277778	29.29 14.44 355.64 2.46 275.22 -19.66 54.72 20.04 196.33 -5.24 267.51 -22.06 23.03 9.02 344.97 -7.35
025 1.1769670560e+09 Apr 23 2017 30.818375 12.5203611111	25.91 11.60 357.16 1.73 351.89 -5.95 59.03 21.00 195.65 -4.97 267.37 -22.05 23.35 9.15 345.13 -7.29
026 1.1774840400e+09 Apr 29 2017 36.4883333333 14.4537222222	23.51 8.90 359.68 1.57 77.11 17.41 63.37 21.83 195.01 -4.72 267.16 -22.04 23.67 9.27 345.27 -7.23
027 1.1780010240e+09 May 05 2017 42.2346666667 16.2438333333	23.37 7.40 3.00 1.93 162.40 7.79 67.73 22.56 194.43 -4.50 266.90 -22.04 23.98 9.39 345.40 -7.18
028 1.1785180080e+09 May 11 2017 48.0620416667 17.8712777778	25.65 7.38 6.94 2.71 233.80 -14.75 72.10 23.16 193.92 -4.31 266.59 -22.03 24.29 9.51 345.52 -7.14
029 1.1790349920e+09 May 17 2017 53.97525 19.3188611111	30.00 8.66 11.38 3.85 308.67 -17.34 76.49 23.63 193.49 -4.15 266.23 -22.02 24.58 9.62 345.62 -7.10
030 1.1795519760e+09 May 23 2017 59.974 20.5702777778	36.11 10.93 16.21 5.25 25.30 5.31 80.88 23.99 193.15 -4.03 265.84 -22.01 24.87 9.73 345.70 -7.07
031 1.1800689600e+09 May 29 2017 66.0515833333 21.6103888889	43.84 13.88 21.36 6.85 116.23 17.83 85.27 24.22 192.90 -3.96 265.41 -22.00 25.14 9.83 345.77 -7.05
032 1.1805859440e+09 Jun 04 2017 72.19325 22.4255833333	53.24 17.19 26.78 8.59 194.77 -2.94 89.64 24.32 192.76 -3.92 264.96 -21.99 25.39 9.93 345.81 -7.03
033 1.1811029280e+09 Jun 10 2017 78.384125 23.0051388889	64.46 20.48 32.45 10.41 266.76 -19.63 94.00 24.30 192.71 -3.93 264.49 -21.98 25.63 10.01 345.84 -7.02
034 1.1816199120e+09 Jun 16 2017 84.608875 23.3420277778	77.51 23.16 38.35 12.24 341.82 -9.64 98.33 24.16 192.75 -3.98 264.02 -21.97 25.85 10.09 345.86 -7.02
035 1.1821368960e+09 Jun 22 2017 91.88975 23.4230555556	91.75 24.59 44.48 14.05 61.41 15.03 102.63 23.91 192.90 -4.07 263.54 -21.96 26.04 10.17 345.85 -7.03
036 1.1826538800e+09 Jun 28 2017 98.1208333333 23.2246944444	105.90 24.38 50.83 15.78 152.85 11.06 106.90 23.54 193.14 -4.20 263.08 -21.95 26.22 10.23 345.82 -7.04
037 1.1831708640e+09 Jul 03 2017 104.317333333 22.7822777778	118.83 22.71 57.39 17.38 226.06 -12.63 111.11 23.05 193.48 -4.37 262.63 -21.94 26.36 10.28 345.78 -7.07
038 1.1836878480e+09 Jul 09 2017 110.4615 22.1025555556	130.07 20.03 64.16 18.80 300.68 -18.74 115.29 22.47 193.90 -4.57 262.21 -21.93 26.49 10.33 345.72 -7.09
039 1.1842048320e+09 Jul 15 2017 116.539875 21.19525	139.62 16.77 71.12 20.00 15.00 1.42 119.40 21.78 194.40 -4.81 261.82 -21.93 26.59 10.36 345.65 -7.13
040 1.1847218160e+09 Jul 21 2017 122.5425 20.0723333333	147.55 13.28 78.27 20.95 100.52 18.77 123.47 20.99 194.99 -5.07 261.48 -21.92 26.66 10.38 345.56 -7.17
041 1.1852388000e+09 Jul 27 2017 128.458416667 18.7486388889	153.91 9.87 85.57 21.60 185.73 0.60 127.48 20.12 195.65 -5.37 261.17 -21.92 26.70 10.40 345.46 -7.21
042 1.1857557840e+09 Aug 02 2017 134.281416667 17.2404444444	158.57 6.81 92.99 21.93 258.10 -18.75 131.43 19.16 196.38 -5.69 260.92 -21.92 26.72 10.40 345.34 -7.27
043 1.1862727680e+09 Aug 08 2017 140.01275 15.5651388889	161.19 4.48 100.49 21.92 334.12 -12.08 135.33 18.13 197.17 -6.04 260.73 -21.93 26.70 10.40 345.22 -7.32
044 1.1867897520e+09 Aug 14 2017 145.659416667 13.74025	161.29 3.35 108.04 21.56 50.26 12.34 139.17 17.02 198.03 -6.41 260.59 -21.94 26.67 10.38 345.08 -7.38
