281.696625 -21.001
282.799916667 -21.0869722222
283.901708333 -21.1805555556
285.001875 -21.2816666667
286.100208333 -21.3903333333
287.196666667 -21.5064166667
288.291083333 -21.6299166667
289.383416667 -21.7607777778
290.4735 -21.8988888889
291.561291667 -20.0441944444
292.646666667 -20.1966666667
293.729583333 -20.3561666667
294.809916667 -20.5226666667
295.887666667 -20.6960833333
296.962666667 -20.8763333333
298.034916667 -19.0633055556
299.104416667 -19.2569722222
300.171 -19.4571944444
301.234708333 -19.6639444444
302.295416667 -19.8770555556
303.353083333 -18.0964722222
304.407708333 -18.3221111111
305.459166667 -18.5538333333
306.5075 -18.7915555556
307.552583333 -17.0351666667
308.594416667 -17.2845833333
309.632916667 -17.5396666667
310.668083333 -17.8003333333
311.699875 -16.0664444444
312.72825 -16.3378888889
313.753125 -16.6145833333
314.774583333 -16.8964166667
315.792541667 -15.18325
316.807083333 -15.4749722222
317.818125 -15.7714722222
318.825666667 -14.0726666667
319.829833333 -14.3783611111
320.830583333 -14.6885277778
321.827875 -13.003
322.821875 -13.3216666667
323.812541667 -13.6444166667
324.799958333 -13.9711388889
325.784208333 -12.30175
326.76525 -12.6361111111
327.743291667 -12.9741111111
328.71825 -11.3156388889
329.69025 -11.6606111111
330.659416667 -10.0088888889
331.625708333 -10.3603333333
332.589208333 -10.7148888889
333.550041667 -9.07241666667
334.508166667 -9.43280555556
335.463708333 -9.79591666667
336.416708333 -8.16163888889
337.367208333 -8.52988888889
338.31525 -8.90052777778
339.260916667 -7.27341666667
340.20425 -7.6485
341.14525 -6.02561111111
342.084083333 -6.40463888889
343.02075 -6.7855
343.955333333 -5.16808333333
344.887833333 -5.55222222222
345.818458333 -5.93786111111
346.747166667 -4.32486111111
347.674041667 -4.71308333333
348.59925 -3.1025
349.522791667 -3.49291666667
350.444791667 -3.88427777778
351.365333333 -2.2765
352.284583333 -2.66941666667
353.202541667 -1.063
354.119333333 -1.45711111111
355.035125 -1.85163888889
355.95 -0.246527777778
356.864 -0.641666666667
357.777291667 0.963055555556
358.689916667 0.567722222222
359.601958333 0.172472222222
0.513541666667 0.222666666667
1.42475 0.617527777778
2.335625 1.01202777778
3.24629166667 1.40605555556
4.15679166667 1.79955555556
5.06720833333 2.19238888889
5.97758333333 2.58444444444
6.88804166667 2.97563888889
7.798625 3.36586111111
8.709375 3.75502777778
9.62041666667 4.143
10.5317916667 4.52972222222
11.4435416667 4.91505555556
12.3557083333 5.29891666667
13.2684583333 5.68116666667
14.1817916667 6.06175
15.0957916667 6.44058333333
16.0105416667 6.8175
16.926125 7.19247222222
17.8426666667 7.56538888889
18.7602083333 7.93616666667
19.678875 8.30469444444
20.59875 8.67091666667
21.5199166667 9.03472222222
22.4424583333 9.39602777778
23.3664583333 9.75472222222
24.2919583333 10.1107777778
25.2190416667 10.4640277778
26.1477916667 10.8144444444
27.07825 11.1618888889
28.0105 11.5063055556
28.9445416667 11.8475833333
29.8805 12.1856388889
30.818375 12.5203611111
31.75825 12.8516666667
32.700125 13.1794722222
33.644 13.5036666667
34.59 13.8241666667
35.538125 14.1408888889
36.4883333333 14.4537222222
37.440625 14.7625555556
38.395125 15.0673333333
39.3517083333 15.3679444444
40.3105 15.6642777778
41.2714583333 15.9562777778
42.2346666667 16.2438333333
43.200125 16.5268611111
44.1678333333 16.8052777778
45.137875 17.079
46.1102083333 17.3479722222
47.0849583333 17.6120833333
48.0620416667 17.8712777778
49.0415833333 18.1255
50.0234583333 18.3746111111
51.0077916667 18.6185833333
51.9945416667 18.8573333333
52.9837083333 19.0907777778
53.97525 19.3188611111
54.9691666667 19.5414722222
55.9655 19.7585555556
56.9641666667 19.9700555556
57.9651666667 20.1758888889
58.9684166667 20.3759722222
59.974 20.5702777778
60.98175 20.7586666667
61.9916666667 20.9411666667
63.0037083333 21.1176388889
64.01775 21.2880277778
65.03375 21.4523055556
66.0515833333 21.6103888889
67.0712083333 21.7622222222
68.0925 21.9077222222
69.1154166667 22.0468888889
70.139875 22.1795833333
71.1658333333 22.3058611111
72.19325 22.4255833333
73.2220416667 22.5387777778
74.252125 22.6453611111
75.2834166667 22.7453333333
76.3159166667 22.8386388889
77.3495 22.92525
78.384125 23.0051388889
79.4197083333 23.0782777778
80.456125 23.1446666667
81.4933333333 23.2042222222
82.53125 23.257
83.5697916667 23.3029444444
84.608875 23.3420277778
85.648375 23.37425
86.6882916667 23.3995833333
87.7284166667 23.4180555556
88.76875 23.4296388889
89.8091666667 23.4343333333
90.8495416667 23.4321388889
91.88975 23.4230555556
92.9297083333 23.4071388889
93.96925 23.3843333333
95.00825 23.3546666667
96.0465833333 23.3181666667
97.0841666667 23.2748333333
98.1208333333 23.2246944444
99.1565416667 23.1677777778
100.191166667 23.1040833333
101.224625 23.0336666667
102.256875 22.9565277778
103.287791667 22.8727222222
104.317333333 22.7822777778
105.345416667 22.6852222222
106.371958333 22.5816388889
107.396916667 22.4715277778
108.420208333 22.3549444444
109.44175 22.2319444444
110.4615 22.1025555556
111.479458333 21.9668611111
112.4955 21.8248888889
113.509583333 21.6766666667
114.521708333 21.5223055556
115.531833333 21.3618055556
116.539875 21.19525
117.545833333 21.0227222222
118.549666667 20.8442222222
119.551291667 20.6598888889
120.550666667 20.4697222222
121.54775 20.2738611111
122.5425 20.0723333333
123.534791667 19.86525
124.524625 19.6526388889
125.511916667 19.4346111111
126.496666667 19.2111944444
127.478833333 18.9825277778
128.458416667 18.7486388889
129.435416667 18.5096388889
130.409833333 18.2655555556
131.381583333 18.0165277778
132.350791667 17.7626111111
133.317375 17.5038888889
134.281416667 17.2404444444
135.242875 16.9723611111
136.201833333 16.6996944444
137.15825 16.4225555556
138.112166667 16.1410555556
139.063666667 15.8551944444
140.01275 15.5651388889
140.959458333 15.2708888889
141.903875 14.9725833333
142.846041667 14.6702777778
143.785958333 14.3640833333
144.72375 14.0540277778
145.659416667 13.74025
146.593 13.4228055556
147.524541667 13.1018055556
148.454041667 12.7773333333
149.381583333 12.4494722222
150.307125 12.1183333333
151.230791667 11.7839722222
152.1525 11.4465555556
153.072416667 11.1060833333
153.9905 10.7626944444
154.906791667 10.4165
155.821416667 10.0675277778
156.734375 9.71594444444
157.645791667 9.36177777778
158.555666667 9.00513888889
159.464125 8.64613888889
160.371166667 8.28486111111
161.276916667 7.92138888889
162.181458333 7.55580555556
163.084833333 7.18819444444
163.987125 6.81866666667
164.888458333 6.44727777778
165.788875 6.07416666667
166.6885 5.69933333333
167.587458333 5.32294444444
168.485833333 4.94502777778
169.383708333 4.56569444444
170.281166667 4.18502777778
171.178291667 3.80308333333
172.075208333 3.42
172.972 3.03586111111
173.868666667 2.65072222222
174.765291667 2.26472222222
175.662 1.87794444444
176.558833333 1.4905
177.455833333 1.10244444444
178.353083333 0.713916666667
179.250666667 0.325
180.148666667 0.0642222222222
181.047125 0.453638888889
181.946166667 0.843138888889
182.845833333 -0.767361111111
183.746208333 -0.377944444444
184.647375 -1.98875
185.549416667 -1.59983333333
186.452416667 -1.21133333333
187.356458333 -2.82333333333
188.261625 -2.43591666667
189.168 -2.04922222222
190.075708333 -3.66327777778
190.984791667 -3.27822222222
191.895458333 -4.89416666667
192.807708333 -4.51116666667
193.721708333 -4.12933333333
194.637541667 -5.74875
195.555291667 -5.3695
196.475041667 -6.99172222222
197.396916667 -6.6155
198.321 -6.24088888889
199.247291667 -7.86808333333
200.175875 -7.49711111111
201.106916667 -7.12811111111
202.040333333 -8.76122222222
202.976291667 -8.3965
203.914791667 -8.03408333333
204.855916667 -9.67408333333
205.79975 -9.31661111111
206.746291667 -10.9617777778
207.695625 -10.6096944444
208.647791667 -10.2605
209.602833333 -11.91425
210.560833333 -11.5711111111
211.521791667 -11.2311666667
212.48575 -12.8945555556
213.452791667 -12.5613888889
214.422916667 -12.2317777778
215.39625 -13.9058333333
216.37275 -13.5836388889
217.352541667 -13.2653333333
218.335625 -14.9510555556
219.322125 -14.6408611111
220.312041667 -14.3348611111
221.305416667 -14.0331666667
222.302375 -15.7358888889
223.302833333 -15.4431388889
224.306916667 -15.155
225.314541667 -16.8716388889
226.325833333 -16.5930833333
227.340708333 -16.3195277778
228.359166667 -16.0510277778
229.381291667 -17.7877222222
230.406958333 -17.5296944444
231.436208333 -17.2770833333
232.469 -17.03
233.505333333 -18.7885277778
234.545083333 -18.5527777778
235.588291667 -18.3228888889
236.634875 -18.0989166667
237.684791667 -19.881
238.737916667 -19.66925
239.794291667 -19.4637222222
240.85375 -19.2645555556
241.916291667 -19.0718611111
242.981833333 -20.8856666667
244.05025 -20.7061111111
245.121583333 -20.5333055556
246.195708333 -20.3672777778
247.2725 -20.2081388889
248.351958333 -20.0559722222
249.434 -21.9108055556
250.518541667 -21.7727777778
251.605541667 -21.6418888889
252.694875 -21.51825
253.786458333 -21.4018888889
254.880166667 -21.2928888889
255.975916667 -21.1913055556
257.073625 -21.0971666667
258.173083333 -21.0105833333
259.274291667 -22.9315555556
260.377083333 -22.8601388889
261.481291667 -22.7963888889
262.586791667 -22.7403333333
263.693416667 -22.692
264.801041667 -22.6514166667
265.9095 -22.6186111111
267.018625 -22.5936111111
268.128333333 -22.5764444444
269.238333333 -22.5670833333
270.348541667 -22.5655833333
271.458791667 -22.5719166667
272.568958333 -22.5861111111
273.678833333 -22.6081388889
274.788291667 -22.6380277778
275.897208333 -22.6757222222
277.005416667 -22.72125
278.112791667 -22.7745555556
279.21925 -22.8356111111
280.324583333 -22.9044166667
